0,005;0,000
0,015;0,000
0,025;0,000
0,035;0,000
0,045;0,000
0,055;0,000
0,065;0,000
0,075;0,000
0,085;0,000
0,095;0,000
0,105;0,000
0,115;0,000
0,125;0,000
0,135;0,000
0,145;0,000
0,155;0,000
0,165;0,000
0,175;0,000
0,185;0,000
0,195;0,000
0,205;0,000
0,215;0,000
0,225;0,000
0,235;0,000
0,245;0,000
0,255;0,000
0,265;0,000
0,275;0,000
0,285;0,000
0,295;0,000
0,305;0,000
0,315;0,000
0,325;0,000
0,335;0,000
0,345;0,000
0,355;0,000
0,365;0,000
0,375;0,000
0,385;0,000
0,395;0,000
0,405;0,000
0,415;0,000
0,425;0,000
0,435;0,000
0,445;0,000
0,455;0,000
0,465;0,000
0,475;0,000
0,485;0,000
0,495;0,000
0,505;0,000
0,515;0,000
0,525;0,000
0,535;0,000
0,545;0,000
0,555;0,000
0,565;0,000
0,575;0,000
0,585;0,000
0,595;0,000
0,605;0,000
0,615;0,000
0,625;0,000
0,635;0,000
0,645;0,000
0,655;0,000
0,665;0,000
0,675;0,000
0,685;0,000
0,695;0,000
0,705;0,000
0,715;0,000
0,725;0,000
0,735;0,000
0,745;0,000
0,755;0,000
0,765;0,000
0,775;0,000
0,785;0,000
0,795;0,000
0,805;0,000
0,815;0,000
0,825;0,000
0,835;0,000
0,845;0,000
0,855;0,000
0,865;0,000
0,875;0,000
0,885;0,000
0,895;0,000
0,905;0,000
0,915;0,000
0,925;0,000
0,935;0,000
0,945;0,000
0,955;0,000
0,965;0,000
0,975;0,000
0,985;0,000
0,995;0,000
1,005;0,000
1,015;0,000
1,025;0,000
1,035;0,000
1,045;0,000
1,055;0,000
1,065;0,000
1,075;0,000
1,085;0,000
1,095;0,000
1,105;0,000
1,115;0,000
1,125;0,000
1,135;0,000
1,145;0,000
1,155;0,000
1,165;0,000
1,175;0,000
1,185;0,000
1,195;0,000
1,205;0,000
1,215;0,000
1,225;0,000
1,235;0,000
1,245;0,000
1,255;0,000
1,265;0,000
1,275;0,000
1,285;0,000
1,295;0,000
1,305;0,000
1,315;0,000
1,325;0,000
1,335;0,000
1,345;0,000
1,355;0,000
1,365;0,000
1,375;0,000
1,385;0,000
1,395;0,000
1,405;1,000
1,415;0,000
1,425;0,000
1,435;0,000
1,445;0,000
1,455;0,000
1,465;0,000
1,475;1,000
1,485;5,000
1,495;28,000
1,505;101,000
1,515;135,000
1,525;133,000
1,535;148,000
1,545;158,000
1,555;157,000
1,565;156,000
1,575;161,000
1,585;157,000
1,595;146,000
1,605;141,000
1,615;156,000
1,625;174,000
1,635;164,000
1,645;149,000
1,655;155,000
1,665;165,000
1,675;175,000
1,685;160,000
1,695;165,000
1,705;162,000
1,715;150,000
1,725;165,000
1,735;165,000
1,745;160,000
1,755;140,000
1,765;143,000
1,775;162,000
1,785;174,000
1,795;172,000
1,805;149,000
1,815;191,000
1,825;176,000
1,835;163,000
1,845;168,000
1,855;177,000
1,865;185,000
1,875;203,000
1,885;192,000
1,895;182,000
1,905;155,000
1,915;188,000
1,925;192,000
1,935;196,000
1,945;213,000
1,955;196,000
1,965;184,000
1,975;192,000
1,985;204,000
1,995;212,000
2,005;208,000
2,015;226,000
2,025;213,000
2,035;227,000
2,045;244,000
2,055;250,000
2,065;209,000
2,075;216,000
2,085;244,000
2,095;247,000
2,105;202,000
2,115;229,000
2,125;236,000
2,135;236,000
2,145;239,000
2,155;230,000
2,165;212,000
2,175;267,000
2,185;219,000
2,195;207,000
2,205;235,000
2,215;226,000
2,225;227,000
2,235;203,000
2,245;245,000
2,255;221,000
2,265;226,000
2,275;242,000
2,285;212,000
2,295;206,000
2,305;203,000
2,315;217,000
2,325;228,000
2,335;229,000
2,345;232,000
2,355;229,000
2,365;215,000
2,375;225,000
2,385;210,000
2,395;198,000
2,405;208,000
2,415;202,000
2,425;221,000
2,435;214,000
2,445;202,000
2,455;188,000
2,465;216,000
2,475;211,000
2,485;222,000
2,495;207,000
2,505;209,000
2,515;219,000
2,525;202,000
2,535;196,000
2,545;217,000
2,555;212,000
2,565;186,000
2,575;198,000
2,585;189,000
2,595;224,000
2,605;217,000
2,615;166,000
2,625;191,000
2,635;198,000
2,645;221,000
2,655;180,000
2,665;208,000
2,675;201,000
2,685;176,000
2,695;185,000
2,705;180,000
2,715;192,000
2,725;193,000
2,735;216,000
2,745;193,000
2,755;214,000
2,765;224,000
2,775;196,000
2,785;206,000
2,795;176,000
2,805;203,000
2,815;212,000
2,825;196,000
2,835;187,000
2,845;203,000
2,855;199,000
2,865;177,000
2,875;178,000
2,885;217,000
2,895;209,000
2,905;202,000
2,915;178,000
2,925;179,000
2,935;205,000
2,945;211,000
2,955;209,000
2,965;171,000
2,975;189,000
2,985;162,000
2,995;196,000
3,005;180,000
3,015;182,000
3,025;196,000
3,035;167,000
3,045;183,000
3,055;163,000
3,065;191,000
3,075;190,000
3,085;175,000
3,095;183,000
3,105;175,000
3,115;186,000
3,125;219,000
3,135;165,000
3,145;205,000
3,155;160,000
3,165;176,000
3,175;183,000
3,185;205,000
3,195;173,000
3,205;189,000
3,215;144,000
3,225;192,000
3,235;167,000
3,245;180,000
3,255;176,000
3,265;183,000
3,275;186,000
3,285;194,000
3,295;170,000
3,305;158,000
3,315;188,000
3,325;190,000
3,335;167,000
3,345;171,000
3,355;193,000
3,365;167,000
3,375;192,000
3,385;167,000
3,395;154,000
3,405;160,000
3,415;181,000
3,425;176,000
3,435;147,000
3,445;174,000
3,455;152,000
3,465;157,000
3,475;182,000
3,485;151,000
3,495;175,000
3,505;150,000
3,515;198,000
3,525;167,000
3,535;170,000
3,545;186,000
3,555;144,000
3,565;161,000
3,575;169,000
3,585;172,000
3,595;181,000
3,605;169,000
3,615;159,000
3,625;173,000
3,635;169,000
3,645;152,000
3,655;162,000
3,665;174,000
3,675;190,000
3,685;165,000
3,695;144,000
3,705;170,000
3,715;192,000
3,725;167,000
3,735;182,000
3,745;156,000
3,755;150,000
3,765;168,000
3,775;153,000
3,785;169,000
3,795;154,000
3,805;129,000
3,815;164,000
3,825;131,000
3,835;171,000
3,845;161,000
3,855;167,000
3,865;126,000
3,875;148,000
3,885;174,000
3,895;132,000
3,905;142,000
3,915;153,000
3,925;152,000
3,935;189,000
3,945;118,000
3,955;172,000
3,965;154,000
3,975;170,000
3,985;161,000
3,995;151,000
4,005;173,000
4,015;149,000
4,025;173,000
4,035;166,000
4,045;149,000
4,055;172,000
4,065;152,000
4,075;144,000
4,085;145,000
4,095;137,000
4,105;159,000
4,115;165,000
4,125;147,000
4,135;150,000
4,145;180,000
4,155;147,000
4,165;145,000
4,175;164,000
4,185;158,000
4,195;176,000
4,205;122,000
4,215;159,000
4,225;176,000
4,235;147,000
4,245;163,000
4,255;151,000
4,265;161,000
4,275;165,000
4,285;159,000
4,295;153,000
4,305;149,000
4,315;189,000
4,325;160,000
4,335;139,000
4,345;152,000
4,355;151,000
4,365;165,000
4,375;129,000
4,385;137,000
4,395;143,000
4,405;177,000
4,415;149,000
4,425;134,000
4,435;143,000
4,445;146,000
4,455;163,000
4,465;140,000
4,475;163,000
4,485;111,000
4,495;140,000
4,505;149,000
4,515;146,000
4,525;141,000
4,535;137,000
4,545;131,000
4,555;131,000
4,565;113,000
4,575;114,000
4,585;118,000
4,595;98,000
4,605;106,000
4,615;118,000
4,625;135,000
4,635;117,000
4,645;98,000
4,655;103,000
4,665;125,000
4,675;106,000
4,685;98,000
4,695;109,000
4,705;113,000
4,715;94,000
4,725;99,000
4,735;92,000
4,745;83,000
4,755;86,000
4,765;65,000
4,775;74,000
4,785;80,000
4,795;85,000
4,805;73,000
4,815;68,000
4,825;68,000
4,835;71,000
4,845;58,000
4,855;68,000
4,865;68,000
4,875;71,000
4,885;56,000
4,895;63,000
4,905;57,000
4,915;54,000
4,925;63,000
4,935;56,000
4,945;45,000
4,955;49,000
4,965;53,000
4,975;41,000
4,985;59,000
4,995;51,000
5,005;46,000
5,015;46,000
5,025;40,000
5,035;48,000
5,045;47,000
5,055;37,000
5,065;39,000
5,075;33,000
5,085;36,000
5,095;45,000
5,105;44,000
5,115;31,000
5,125;50,000
5,135;36,000
5,145;39,000
5,155;36,000
5,165;45,000
5,175;33,000
5,185;33,000
5,195;25,000
5,205;40,000
5,215;40,000
5,225;38,000
5,235;26,000
5,245;33,000
5,255;30,000
5,265;34,000
5,275;32,000
5,285;31,000
5,295;34,000
5,305;27,000
5,315;24,000
5,325;26,000
5,335;20,000
5,345;28,000
5,355;25,000
5,365;20,000
5,375;29,000
5,385;30,000
5,395;26,000
5,405;41,000
5,415;32,000
5,425;28,000
5,435;33,000
5,445;33,000
5,455;20,000
5,465;27,000
5,475;32,000
5,485;21,000
5,495;23,000
5,505;21,000
5,515;29,000
5,525;24,000
5,535;18,000
5,545;32,000
5,555;26,000
5,565;18,000
5,575;11,000
5,585;29,000
5,595;33,000
5,605;14,000
5,615;20,000
5,625;17,000
5,635;36,000
5,645;30,000
5,655;35,000
5,665;32,000
5,675;30,000
5,685;33,000
5,695;26,000
5,705;33,000
5,715;25,000
5,725;31,000
5,735;35,000
5,745;28,000
5,755;26,000
5,765;35,000
5,775;46,000
5,785;33,000
5,795;37,000
5,805;34,000
5,815;35,000
5,825;42,000
5,835;50,000
5,845;32,000
5,855;51,000
5,865;48,000
5,875;49,000
5,885;55,000
5,895;62,000
5,905;60,000
5,915;70,000
5,925;84,000
5,935;72,000
5,945;97,000
5,955;82,000
5,965;105,000
5,975;110,000
5,985;96,000
5,995;112,000
6,005;137,000
6,015;146,000
6,025;134,000
6,035;187,000
6,045;195,000
6,055;191,000
6,065;223,000
6,075;246,000
6,085;238,000
6,095;276,000
6,105;276,000
6,115;285,000
6,125;307,000
6,135;354,000
6,145;374,000
6,155;412,000
6,165;434,000
6,175;448,000
6,185;469,000
6,195;491,000
6,205;548,000
6,215;544,000
6,225;552,000
6,235;586,000
6,245;648,000
6,255;713,000
6,265;695,000
6,275;804,000
6,285;776,000
6,295;848,000
6,305;772,000
6,315;862,000
6,325;909,000
6,335;910,000
6,345;959,000
6,355;985,000
6,365;1006,000
6,375;985,000
6,385;1099,000
6,395;990,000
6,405;1144,000
6,415;1104,000
6,425;1150,000
6,435;1080,000
6,445;1118,000
6,455;1095,000
6,465;1137,000
6,475;1139,000
6,485;1086,000
6,495;1105,000
6,505;1137,000
6,515;1117,000
6,525;1031,000
6,535;1056,000
6,545;1055,000
6,555;992,000
6,565;961,000
6,575;954,000
6,585;944,000
6,595;927,000
6,605;874,000
6,615;849,000
6,625;846,000
6,635;805,000
6,645;837,000
6,655;701,000
6,665;704,000
6,675;610,000
6,685;611,000
6,695;628,000
6,705;537,000
6,715;570,000
6,725;503,000
6,735;435,000
6,745;478,000
6,755;404,000
6,765;386,000
6,775;385,000
6,785;317,000
6,795;301,000
6,805;294,000
6,815;238,000
6,825;245,000
6,835;236,000
6,845;191,000
6,855;154,000
6,865;158,000
6,875;153,000
6,885;119,000
6,895;132,000
6,905;104,000
6,915;104,000
6,925;98,000
6,935;79,000
6,945;64,000
6,955;76,000
6,965;66,000
6,975;54,000
6,985;51,000
6,995;46,000
7,005;45,000
7,015;24,000
7,025;31,000
7,035;29,000
7,045;21,000
7,055;24,000
7,065;18,000
7,075;19,000
7,085;19,000
7,095;13,000
7,105;14,000
7,115;13,000
7,125;4,000
7,135;6,000
7,145;9,000
7,155;3,000
7,165;5,000
7,175;12,000
7,185;6,000
7,195;9,000
7,205;5,000
7,215;5,000
7,225;2,000
7,235;5,000
7,245;7,000
7,255;4,000
7,265;3,000
7,275;5,000
7,285;5,000
7,295;3,000
7,305;2,000
7,315;3,000
7,325;3,000
7,335;6,000
7,345;1,000
7,355;7,000
7,365;1,000
7,375;1,000
7,385;7,000
7,395;5,000
7,405;3,000
7,415;3,000
7,425;2,000
7,435;2,000
7,445;1,000
7,455;0,000
7,465;3,000
7,475;4,000
7,485;1,000
7,495;0,000
7,505;1,000
7,515;5,000
7,525;3,000
7,535;1,000
7,545;3,000
7,555;2,000
7,565;5,000
7,575;4,000
7,585;5,000
7,595;2,000
7,605;3,000
7,615;3,000
7,625;4,000
7,635;2,000
7,645;5,000
7,655;3,000
7,665;2,000
7,675;5,000
7,685;1,000
7,695;4,000
7,705;2,000
7,715;2,000
7,725;2,000
7,735;2,000
7,745;3,000
7,755;0,000
7,765;1,000
7,775;4,000
7,785;1,000
7,795;3,000
7,805;4,000
7,815;3,000
7,825;2,000
7,835;5,000
7,845;1,000
7,855;1,000
7,865;1,000
7,875;2,000
7,885;5,000
7,895;2,000
7,905;0,000
7,915;2,000
7,925;2,000
7,935;3,000
7,945;4,000
7,955;3,000
7,965;3,000
7,975;1,000
7,985;0,000
7,995;3,000
8,005;4,000
8,015;1,000
8,025;2,000
8,035;3,000
8,045;1,000
8,055;1,000
8,065;2,000
8,075;1,000
8,085;1,000
8,095;3,000
8,105;1,000
8,115;2,000
8,125;0,000
8,135;0,000
8,145;1,000
8,155;3,000
8,165;1,000
8,175;1,000
8,185;4,000
8,195;2,000
8,205;0,000
8,215;0,000
8,225;1,000
8,235;4,000
8,245;3,000
8,255;0,000
8,265;1,000
8,275;0,000
8,285;5,000
8,295;2,000
8,305;5,000
8,315;4,000
8,325;3,000
8,335;1,000
8,345;4,000
8,355;2,000
8,365;3,000
8,375;0,000
8,385;2,000
8,395;1,000
8,405;3,000
8,415;1,000
8,425;2,000
8,435;1,000
8,445;2,000
8,455;3,000
8,465;3,000
8,475;1,000
8,485;2,000
8,495;3,000
8,505;2,000
8,515;1,000
8,525;1,000
8,535;2,000
8,545;2,000
8,555;0,000
8,565;1,000
8,575;4,000
8,585;3,000
8,595;2,000
8,605;4,000
8,615;2,000
8,625;2,000
8,635;1,000
8,645;1,000
8,655;3,000
8,665;4,000
8,675;4,000
8,685;1,000
8,695;3,000
8,705;1,000
8,715;0,000
8,725;4,000
8,735;1,000
8,745;3,000
8,755;3,000
8,765;2,000
8,775;1,000
8,785;3,000
8,795;2,000
8,805;2,000
8,815;0,000
8,825;4,000
8,835;2,000
8,845;3,000
8,855;1,000
8,865;2,000
8,875;0,000
8,885;3,000
8,895;0,000
8,905;1,000
8,915;3,000
8,925;1,000
8,935;2,000
8,945;4,000
8,955;2,000
8,965;2,000
8,975;4,000
8,985;2,000
8,995;3,000
9,005;2,000
9,015;3,000
9,025;2,000
9,035;0,000
9,045;1,000
9,055;1,000
9,065;1,000
9,075;1,000
9,085;2,000
9,095;1,000
9,105;4,000
9,115;0,000
9,125;1,000
9,135;1,000
9,145;2,000
9,155;1,000
9,165;2,000
9,175;2,000
9,185;3,000
9,195;7,000
9,205;4,000
9,215;3,000
9,225;1,000
9,235;1,000
9,245;1,000
9,255;1,000
9,265;1,000
9,275;2,000
9,285;1,000
9,295;0,000
9,305;0,000
9,315;2,000
9,325;1,000
9,335;0,000
9,345;1,000
9,355;1,000
9,365;1,000
9,375;0,000
9,385;2,000
9,395;1,000
9,405;3,000
9,415;1,000
9,425;2,000
9,435;3,000
9,445;2,000
9,455;6,000
9,465;2,000
9,475;2,000
9,485;0,000
9,495;3,000
9,505;1,000
9,515;3,000
9,525;2,000
9,535;1,000
9,545;2,000
9,555;1,000
9,565;3,000
9,575;3,000
9,585;0,000
9,595;1,000
9,605;0,000
9,615;2,000
9,625;2,000
9,635;3,000
9,645;1,000
9,655;0,000
9,665;1,000
9,675;2,000
9,685;0,000
9,695;3,000
9,705;0,000
9,715;0,000
9,725;1,000
9,735;3,000
9,745;1,000
9,755;1,000
9,765;4,000
9,775;1,000
9,785;0,000
9,795;0,000
9,805;2,000
9,815;2,000
9,825;0,000
9,835;0,000
9,845;3,000
9,855;0,000
9,865;1,000
9,875;2,000
9,885;0,000
9,895;1,000
9,905;1,000
9,915;1,000
9,925;0,000
9,935;3,000
9,945;1,000
9,955;1,000
9,965;2,000
9,975;1,000
9,985;1,000
9,995;2,000
10,005;2,000
10,015;1,000
10,025;2,000
10,035;2,000
10,045;4,000
10,055;2,000
10,065;4,000
10,075;0,000
10,085;0,000
10,095;1,000
10,105;2,000
10,115;3,000
10,125;2,000
10,135;1,000
10,145;2,000
10,155;0,000
10,165;1,000
10,175;0,000
10,185;1,000
10,195;1,000
10,205;4,000
10,215;1,000
10,225;5,000
10,235;1,000
10,245;0,000
10,255;4,000
10,265;3,000
10,275;2,000
10,285;3,000
10,295;1,000
10,305;0,000
10,315;1,000
10,325;0,000
10,335;1,000
10,345;3,000
10,355;1,000
10,365;1,000
10,375;2,000
10,385;1,000
10,395;0,000
10,405;3,000
10,415;1,000
10,425;1,000
10,435;2,000
10,445;0,000
10,455;0,000
10,465;1,000
10,475;0,000
10,485;1,000
10,495;1,000
10,505;0,000
10,515;2,000
10,525;0,000
10,535;0,000
10,545;2,000
10,555;2,000
10,565;0,000
10,575;1,000
10,585;0,000
10,595;2,000
10,605;0,000
10,615;2,000
10,625;0,000
10,635;1,000
10,645;2,000
10,655;1,000
10,665;1,000
10,675;2,000
10,685;1,000
10,695;2,000
10,705;3,000
10,715;2,000
10,725;1,000
10,735;1,000
10,745;3,000
10,755;4,000
10,765;2,000
10,775;1,000
10,785;0,000
10,795;2,000
10,805;1,000
10,815;1,000
10,825;2,000
10,835;1,000
10,845;0,000
10,855;1,000
10,865;0,000
10,875;0,000
10,885;2,000
10,895;0,000
10,905;2,000
10,915;0,000
10,925;1,000
10,935;0,000
10,945;4,000
10,955;0,000
10,965;1,000
10,975;2,000
10,985;0,000
10,995;1,000
11,005;1,000
11,015;0,000
11,025;3,000
11,035;0,000
11,045;2,000
11,055;1,000
11,065;1,000
11,075;2,000
11,085;0,000
11,095;3,000
11,105;0,000
11,115;0,000
11,125;1,000
11,135;1,000
11,145;2,000
11,155;3,000
11,165;1,000
11,175;1,000
11,185;2,000
11,195;1,000
11,205;1,000
11,215;2,000
11,225;1,000
11,235;1,000
11,245;0,000
11,255;0,000
11,265;0,000
11,275;1,000
11,285;2,000
11,295;1,000
11,305;2,000
11,315;1,000
11,325;1,000
11,335;1,000
11,345;0,000
11,355;1,000
11,365;1,000
11,375;2,000
11,385;0,000
11,395;0,000
11,405;0,000
11,415;0,000
11,425;0,000
11,435;0,000
11,445;0,000
11,455;2,000
11,465;0,000
11,475;2,000
11,485;1,000
11,495;0,000
11,505;1,000
11,515;1,000
11,525;2,000
11,535;2,000
11,545;0,000
11,555;0,000
11,565;1,000
11,575;1,000
11,585;2,000
11,595;2,000
11,605;0,000
11,615;2,000
11,625;0,000
11,635;1,000
11,645;1,000
11,655;0,000
11,665;0,000
11,675;0,000
11,685;2,000
11,695;0,000
11,705;1,000
11,715;4,000
11,725;0,000
11,735;1,000
11,745;2,000
11,755;0,000
11,765;0,000
11,775;2,000
11,785;1,000
11,795;0,000
11,805;1,000
11,815;0,000
11,825;0,000
11,835;0,000
11,845;0,000
11,855;2,000
11,865;0,000
11,875;0,000
11,885;0,000
11,895;2,000
11,905;3,000
11,915;1,000
11,925;0,000
11,935;1,000
11,945;0,000
11,955;2,000
11,965;0,000
11,975;0,000
11,985;3,000
11,995;1,000
12,005;0,000
12,015;0,000
12,025;1,000
12,035;0,000
12,045;0,000
12,055;1,000
12,065;2,000
12,075;3,000
12,085;0,000
12,095;1,000
12,105;1,000
12,115;1,000
12,125;0,000
12,135;2,000
12,145;1,000
12,155;1,000
12,165;0,000
12,175;1,000
12,185;1,000
12,195;1,000
12,205;2,000
12,215;1,000
12,225;0,000
12,235;2,000
12,245;0,000
12,255;1,000
12,265;0,000
12,275;2,000
12,285;2,000
12,295;2,000
12,305;0,000
12,315;1,000
12,325;1,000
12,335;2,000
12,345;2,000
12,355;1,000
12,365;0,000
12,375;0,000
12,385;1,000
12,395;2,000
12,405;0,000
12,415;0,000
12,425;1,000
12,435;1,000
12,445;0,000
12,455;1,000
12,465;0,000
12,475;0,000
12,485;0,000
12,495;0,000
12,505;1,000
12,515;1,000
12,525;1,000
12,535;1,000
12,545;0,000
12,555;1,000
12,565;2,000
12,575;0,000
12,585;0,000
12,595;2,000
12,605;1,000
12,615;0,000
12,625;0,000
12,635;0,000
12,645;0,000
12,655;0,000
12,665;2,000
12,675;0,000
12,685;3,000
12,695;3,000
12,705;0,000
12,715;1,000
12,725;0,000
12,735;0,000
12,745;0,000
12,755;0,000
12,765;2,000
12,775;2,000
12,785;0,000
12,795;2,000
12,805;1,000
12,815;0,000
12,825;2,000
12,835;3,000
12,845;2,000
12,855;3,000
12,865;2,000
12,875;3,000
12,885;2,000
12,895;2,000
12,905;0,000
12,915;1,000
12,925;2,000
12,935;0,000
12,945;2,000
12,955;1,000
12,965;2,000
12,975;1,000
12,985;0,000
12,995;2,000
13,005;4,000
13,015;0,000
13,025;2,000
13,035;1,000
13,045;0,000
13,055;2,000
13,065;3,000
13,075;1,000
13,085;2,000
13,095;4,000
13,105;1,000
13,115;1,000
13,125;3,000
13,135;1,000
13,145;3,000
13,155;2,000
13,165;2,000
13,175;1,000
13,185;4,000
13,195;1,000
13,205;3,000
13,215;3,000
13,225;2,000
13,235;2,000
13,245;3,000
13,255;1,000
13,265;4,000
13,275;3,000
13,285;3,000
13,295;1,000
13,305;3,000
13,315;0,000
13,325;3,000
13,335;1,000
13,345;1,000
13,355;1,000
13,365;1,000
13,375;4,000
13,385;0,000
13,395;2,000
13,405;2,000
13,415;2,000
13,425;1,000
13,435;2,000
13,445;1,000
13,455;1,000
13,465;0,000
13,475;0,000
13,485;3,000
13,495;2,000
13,505;1,000
13,515;0,000
13,525;0,000
13,535;1,000
13,545;0,000
13,555;2,000
13,565;1,000
13,575;1,000
13,585;3,000
13,595;0,000
13,605;1,000
13,615;0,000
13,625;0,000
13,635;0,000
13,645;0,000
13,655;0,000
13,665;0,000
13,675;0,000
13,685;0,000
13,695;2,000
13,705;2,000
13,715;1,000
13,725;0,000
13,735;0,000
13,745;1,000
13,755;1,000
13,765;1,000
13,775;0,000
13,785;0,000
13,795;0,000
13,805;1,000
13,815;0,000
13,825;0,000
13,835;0,000
13,845;0,000
13,855;0,000
13,865;0,000
13,875;0,000
13,885;0,000
13,895;1,000
13,905;0,000
13,915;0,000
13,925;0,000
13,935;2,000
13,945;0,000
13,955;0,000
13,965;1,000
13,975;0,000
13,985;0,000
13,995;0,000
14,005;0,000
14,015;2,000
14,025;0,000
14,035;0,000
14,045;0,000
14,055;0,000
14,065;0,000
14,075;0,000
14,085;0,000
14,095;1,000
14,105;1,000
14,115;0,000
14,125;0,000
14,135;0,000
14,145;0,000
14,155;0,000
14,165;0,000
14,175;1,000
14,185;0,000
14,195;0,000
14,205;0,000
14,215;0,000
14,225;1,000
14,235;0,000
14,245;0,000
14,255;0,000
14,265;0,000
14,275;0,000
14,285;0,000
14,295;0,000
14,305;0,000
14,315;0,000
14,325;0,000
14,335;0,000
14,345;1,000
14,355;1,000
14,365;1,000
14,375;1,000
14,385;0,000
14,395;0,000
14,405;0,000
14,415;0,000
14,425;0,000
14,435;1,000
14,445;0,000
14,455;2,000
14,465;0,000
14,475;1,000
14,485;0,000
14,495;1,000
14,505;0,000
14,515;0,000
14,525;0,000
14,535;0,000
14,545;0,000
14,555;0,000
14,565;0,000
14,575;0,000
14,585;0,000
14,595;1,000
14,605;0,000
14,615;0,000
14,625;1,000
14,635;0,000
14,645;0,000
14,655;0,000
14,665;0,000
14,675;0,000
14,685;0,000
14,695;0,000
14,705;0,000
14,715;0,000
14,725;0,000
14,735;0,000
14,745;0,000
14,755;0,000
14,765;0,000
14,775;0,000
14,785;0,000
14,795;0,000
14,805;0,000
14,815;0,000
14,825;0,000
14,835;0,000
14,845;0,000
14,855;1,000
14,865;0,000
14,875;0,000
14,885;0,000
14,895;0,000
14,905;0,000
14,915;0,000
14,925;0,000
14,935;0,000
14,945;0,000
14,955;0,000
14,965;0,000
14,975;2,000
14,985;0,000
14,995;0,000
15,005;1,000
15,015;0,000
15,025;0,000
15,035;1,000
15,045;0,000
15,055;0,000
15,065;0,000
15,075;0,000
15,085;0,000
15,095;3,000
15,105;0,000
15,115;0,000
15,125;0,000
15,135;0,000
15,145;1,000
15,155;0,000
15,165;0,000
15,175;2,000
15,185;0,000
15,195;0,000
15,205;0,000
15,215;0,000
15,225;0,000
15,235;0,000
15,245;0,000
15,255;1,000
15,265;1,000
15,275;1,000
15,285;0,000
15,295;0,000
15,305;0,000
15,315;2,000
15,325;0,000
15,335;0,000
15,345;0,000
15,355;2,000
15,365;1,000
15,375;1,000
15,385;0,000
15,395;1,000
15,405;1,000
15,415;1,000
15,425;0,000
15,435;3,000
15,445;0,000
15,455;1,000
15,465;1,000
15,475;1,000
15,485;0,000
15,495;0,000
15,505;3,000
15,515;0,000
15,525;2,000
15,535;2,000
15,545;0,000
15,555;1,000
15,565;0,000
15,575;1,000
15,585;1,000
15,595;0,000
15,605;1,000
15,615;0,000
15,625;0,000
15,635;0,000
15,645;0,000
15,655;0,000
15,665;0,000
15,675;0,000
15,685;0,000
15,695;1,000
15,705;0,000
15,715;1,000
15,725;1,000
15,735;1,000
15,745;0,000
15,755;0,000
15,765;0,000
15,775;1,000
15,785;0,000
15,795;0,000
15,805;0,000
15,815;0,000
15,825;0,000
15,835;0,000
15,845;0,000
15,855;0,000
15,865;0,000
15,875;0,000
15,885;0,000
15,895;0,000
15,905;1,000
15,915;0,000
15,925;0,000
15,935;0,000
15,945;0,000
15,955;0,000
15,965;1,000
15,975;1,000
15,985;0,000
15,995;0,000
16,005;0,000
16,015;1,000
16,025;0,000
16,035;2,000
16,045;0,000
16,055;1,000
16,065;2,000
16,075;0,000
16,085;0,000
16,095;0,000
16,105;0,000
16,115;2,000
16,125;0,000
16,135;0,000
16,145;0,000
16,155;0,000
16,165;1,000
16,175;1,000
16,185;0,000
16,195;1,000
16,205;0,000
16,215;0,000
16,225;0,000
16,235;1,000
16,245;0,000
16,255;0,000
16,265;0,000
16,275;0,000
16,285;0,000
16,295;0,000
16,305;1,000
16,315;0,000
16,325;1,000
16,335;0,000
16,345;0,000
16,355;0,000
16,365;0,000
16,375;1,000
16,385;1,000
16,395;0,000
16,405;1,000
16,415;0,000
16,425;0,000
16,435;1,000
16,445;0,000
16,455;1,000
16,465;2,000
16,475;0,000
16,485;0,000
16,495;0,000
16,505;0,000
16,515;1,000
16,525;0,000
16,535;2,000
16,545;0,000
16,555;0,000
16,565;0,000
16,575;0,000
16,585;1,000
16,595;0,000
16,605;1,000
16,615;0,000
16,625;0,000
16,635;0,000
16,645;0,000
16,655;1,000
16,665;0,000
16,675;0,000
16,685;0,000
16,695;0,000
16,705;0,000
16,715;0,000
16,725;0,000
16,735;1,000
16,745;0,000
16,755;0,000
16,765;0,000
16,775;0,000
16,785;0,000
16,795;1,000
16,805;2,000
16,815;0,000
16,825;0,000
16,835;0,000
16,845;0,000
16,855;0,000
16,865;0,000
16,875;0,000
16,885;0,000
16,895;0,000
16,905;2,000
16,915;0,000
16,925;0,000
16,935;0,000
16,945;0,000
16,955;0,000
16,965;0,000
16,975;1,000
16,985;1,000
16,995;0,000
17,005;1,000
17,015;0,000
17,025;0,000
17,035;0,000
17,045;1,000
17,055;0,000
17,065;1,000
17,075;0,000
17,085;0,000
17,095;0,000
17,105;0,000
17,115;0,000
17,125;0,000
17,135;1,000
17,145;0,000
17,155;0,000
17,165;0,000
17,175;0,000
17,185;0,000
17,195;0,000
17,205;1,000
17,215;0,000
17,225;0,000
17,235;0,000
17,245;0,000
17,255;0,000
17,265;1,000
17,275;1,000
17,285;0,000
17,295;0,000
17,305;1,000
17,315;0,000
17,325;1,000
17,335;0,000
17,345;0,000
17,355;0,000
17,365;0,000
17,375;2,000
17,385;1,000
17,395;0,000
17,405;1,000
17,415;1,000
17,425;1,000
17,435;0,000
17,445;1,000
17,455;0,000
17,465;0,000
17,475;0,000
17,485;3,000
17,495;0,000
17,505;1,000
17,515;0,000
17,525;0,000
17,535;0,000
17,545;0,000
17,555;1,000
17,565;1,000
17,575;0,000
17,585;1,000
17,595;0,000
17,605;0,000
17,615;0,000
17,625;0,000
17,635;1,000
17,645;0,000
17,655;0,000
17,665;0,000
17,675;0,000
17,685;0,000
17,695;0,000
17,705;0,000
17,715;0,000
17,725;1,000
17,735;0,000
17,745;0,000
17,755;0,000
17,765;0,000
17,775;0,000
17,785;0,000
17,795;0,000
17,805;0,000
17,815;0,000
17,825;0,000
17,835;0,000
17,845;1,000
17,855;0,000
17,865;0,000
17,875;0,000
17,885;0,000
17,895;0,000
17,905;0,000
17,915;0,000
17,925;0,000
17,935;0,000
17,945;0,000
17,955;0,000
17,965;0,000
17,975;0,000
17,985;0,000
17,995;0,000
18,005;0,000
18,015;0,000
18,025;0,000
18,035;0,000
18,045;0,000
18,055;0,000
18,065;0,000
18,075;0,000
18,085;0,000
18,095;0,000
18,105;0,000
18,115;0,000
18,125;0,000
18,135;0,000
18,145;0,000
18,155;0,000
18,165;0,000
18,175;0,000
18,185;1,000
18,195;0,000
18,205;0,000
18,215;0,000
18,225;0,000
18,235;0,000
18,245;0,000
18,255;0,000
18,265;0,000
18,275;0,000
18,285;0,000
18,295;0,000
18,305;0,000
18,315;0,000
18,325;0,000
18,335;0,000
18,345;0,000
18,355;0,000
18,365;0,000
18,375;0,000
18,385;0,000
18,395;0,000
18,405;0,000
18,415;1,000
18,425;0,000
18,435;0,000
18,445;0,000
18,455;0,000
18,465;0,000
18,475;0,000
18,485;0,000
18,495;0,000
18,505;0,000
18,515;0,000
18,525;0,000
18,535;0,000
18,545;0,000
18,555;0,000
18,565;0,000
18,575;0,000
18,585;0,000
18,595;0,000
18,605;0,000
18,615;0,000
18,625;0,000
18,635;0,000
18,645;0,000
18,655;0,000
18,665;0,000
18,675;0,000
18,685;0,000
18,695;0,000
18,705;0,000
18,715;0,000
18,725;0,000
18,735;0,000
18,745;0,000
18,755;0,000
18,765;0,000
18,775;0,000
18,785;0,000
18,795;0,000
18,805;0,000
18,815;0,000
18,825;0,000
18,835;0,000
18,845;0,000
18,855;0,000
18,865;0,000
18,875;0,000
18,885;0,000
18,895;0,000
18,905;0,000
18,915;0,000
18,925;0,000
18,935;0,000
18,945;0,000
18,955;0,000
18,965;0,000
18,975;0,000
18,985;0,000
18,995;0,000
19,005;0,000
19,015;0,000
19,025;0,000
19,035;0,000
19,045;0,000
19,055;0,000
19,065;0,000
19,075;0,000
19,085;0,000
19,095;0,000
19,105;0,000
19,115;0,000
19,125;0,000
19,135;0,000
19,145;0,000
19,155;0,000
19,165;0,000
19,175;0,000
19,185;0,000
19,195;0,000
19,205;0,000
19,215;0,000
19,225;0,000
19,235;0,000
19,245;0,000
19,255;0,000
19,265;0,000
19,275;0,000
19,285;0,000
19,295;0,000
19,305;0,000
19,315;0,000
19,325;0,000
19,335;0,000
19,345;0,000
19,355;0,000
19,365;0,000
19,375;0,000
19,385;0,000
19,395;0,000
19,405;0,000
19,415;0,000
19,425;0,000
19,435;0,000
19,445;0,000
19,455;0,000
19,465;0,000
19,475;0,000
19,485;0,000
19,495;0,000
19,505;0,000
19,515;0,000
19,525;0,000
19,535;0,000
19,545;0,000
19,555;0,000
19,565;0,000
19,575;0,000
19,585;0,000
19,595;0,000
19,605;0,000
19,615;0,000
19,625;0,000
19,635;0,000
19,645;0,000
19,655;0,000
19,665;0,000
19,675;0,000
19,685;0,000
19,695;0,000
19,705;0,000
19,715;0,000
19,725;0,000
19,735;0,000
19,745;0,000
19,755;0,000
19,765;0,000
19,775;0,000
19,785;0,000
19,795;0,000
19,805;0,000
19,815;0,000
19,825;0,000
19,835;0,000
19,845;0,000
19,855;0,000
19,865;0,000
19,875;0,000
19,885;0,000
19,895;0,000
19,905;0,000
19,915;0,000
19,925;51,000
19,935;0,000
19,945;0,000
19,955;0,000
19,965;0,000
19,975;0,000
19,985;0,000
19,995;11,000
