0,005;0,000
0,015;0,000
0,025;0,000
0,035;0,000
0,045;0,000
0,055;0,000
0,065;0,000
0,075;0,000
0,085;0,000
0,095;0,000
0,105;0,000
0,115;0,000
0,125;0,000
0,135;0,000
0,145;0,000
0,155;0,000
0,165;0,000
0,175;0,000
0,185;0,000
0,195;0,000
0,205;0,000
0,215;0,000
0,225;0,000
0,235;0,000
0,245;0,000
0,255;0,000
0,265;0,000
0,275;0,000
0,285;0,000
0,295;0,000
0,305;0,000
0,315;0,000
0,325;0,000
0,335;0,000
0,345;0,000
0,355;0,000
0,365;0,000
0,375;0,000
0,385;0,000
0,395;0,000
0,405;0,000
0,415;0,000
0,425;0,000
0,435;0,000
0,445;0,000
0,455;0,000
0,465;0,000
0,475;0,000
0,485;0,000
0,495;0,000
0,505;0,000
0,515;0,000
0,525;0,000
0,535;0,000
0,545;0,000
0,555;0,000
0,565;0,000
0,575;0,000
0,585;0,000
0,595;0,000
0,605;0,000
0,615;0,000
0,625;0,000
0,635;0,000
0,645;0,000
0,655;0,000
0,665;0,000
0,675;0,000
0,685;0,000
0,695;0,000
0,705;0,000
0,715;0,000
0,725;0,000
0,735;0,000
0,745;0,000
0,755;0,000
0,765;0,000
0,775;0,000
0,785;0,000
0,795;0,000
0,805;0,000
0,815;0,000
0,825;0,000
0,835;0,000
0,845;0,000
0,855;0,000
0,865;0,000
0,875;0,000
0,885;0,000
0,895;0,000
0,905;0,000
0,915;0,000
0,925;0,000
0,935;0,000
0,945;0,000
0,955;0,000
0,965;0,000
0,975;0,000
0,985;0,000
0,995;0,000
1,005;0,000
1,015;0,000
1,025;0,000
1,035;0,000
1,045;0,000
1,055;0,000
1,065;0,000
1,075;0,000
1,085;0,000
1,095;0,000
1,105;0,000
1,115;0,000
1,125;0,000
1,135;0,000
1,145;0,000
1,155;0,000
1,165;0,000
1,175;0,000
1,185;0,000
1,195;0,000
1,205;0,000
1,215;0,000
1,225;0,000
1,235;0,000
1,245;0,000
1,255;0,000
1,265;0,000
1,275;0,000
1,285;0,000
1,295;0,000
1,305;0,000
1,315;0,000
1,325;0,000
1,335;0,000
1,345;0,000
1,355;0,000
1,365;0,000
1,375;0,000
1,385;0,000
1,395;0,000
1,405;0,000
1,415;0,000
1,425;0,000
1,435;1,000
1,445;0,000
1,455;0,000
1,465;0,000
1,475;0,000
1,485;1,000
1,495;11,000
1,505;35,000
1,515;82,000
1,525;84,000
1,535;93,000
1,545;85,000
1,555;106,000
1,565;90,000
1,575;96,000
1,585;95,000
1,595;102,000
1,605;94,000
1,615;85,000
1,625;83,000
1,635;90,000
1,645;87,000
1,655;106,000
1,665;88,000
1,675;72,000
1,685;113,000
1,695;101,000
1,705;89,000
1,715;94,000
1,725;97,000
1,735;104,000
1,745;88,000
1,755;91,000
1,765;80,000
1,775;92,000
1,785;112,000
1,795;86,000
1,805;92,000
1,815;100,000
1,825;104,000
1,835;92,000
1,845;100,000
1,855;87,000
1,865;112,000
1,875;80,000
1,885;100,000
1,895;88,000
1,905;98,000
1,915;107,000
1,925;100,000
1,935;92,000
1,945;99,000
1,955;92,000
1,965;120,000
1,975;107,000
1,985;104,000
1,995;118,000
2,005;113,000
2,015;119,000
2,025;107,000
2,035;115,000
2,045;111,000
2,055;82,000
2,065;105,000
2,075;100,000
2,085;121,000
2,095;94,000
2,105;105,000
2,115;106,000
2,125;113,000
2,135;106,000
2,145;103,000
2,155;114,000
2,165;104,000
2,175;113,000
2,185;99,000
2,195;122,000
2,205;95,000
2,215;112,000
2,225;129,000
2,235;91,000
2,245;118,000
2,255;116,000
2,265;106,000
2,275;97,000
2,285;122,000
2,295;109,000
2,305;103,000
2,315;105,000
2,325;107,000
2,335;115,000
2,345;102,000
2,355;112,000
2,365;90,000
2,375;105,000
2,385;103,000
2,395;105,000
2,405;109,000
2,415;106,000
2,425;120,000
2,435;89,000
2,445;116,000
2,455;102,000
2,465;96,000
2,475;107,000
2,485;100,000
2,495;109,000
2,505;114,000
2,515;120,000
2,525;110,000
2,535;101,000
2,545;93,000
2,555;97,000
2,565;105,000
2,575;95,000
2,585;100,000
2,595;89,000
2,605;110,000
2,615;108,000
2,625;103,000
2,635;112,000
2,645;99,000
2,655;100,000
2,665;94,000
2,675;96,000
2,685;106,000
2,695;88,000
2,705;104,000
2,715;91,000
2,725;102,000
2,735;97,000
2,745;83,000
2,755;93,000
2,765;76,000
2,775;106,000
2,785;93,000
2,795;118,000
2,805;117,000
2,815;105,000
2,825;104,000
2,835;79,000
2,845;79,000
2,855;89,000
2,865;89,000
2,875;93,000
2,885;90,000
2,895;97,000
2,905;96,000
2,915;92,000
2,925;92,000
2,935;86,000
2,945;93,000
2,955;78,000
2,965;91,000
2,975;81,000
2,985;88,000
2,995;81,000
3,005;93,000
3,015;102,000
3,025;86,000
3,035;91,000
3,045;87,000
3,055;91,000
3,065;94,000
3,075;93,000
3,085;93,000
3,095;93,000
3,105;97,000
3,115;97,000
3,125;97,000
3,135;92,000
3,145;98,000
3,155;100,000
3,165;98,000
3,175;89,000
3,185;77,000
3,195;97,000
3,205;74,000
3,215;96,000
3,225;79,000
3,235;88,000
3,245;82,000
3,255;85,000
3,265;101,000
3,275;78,000
3,285;89,000
3,295;95,000
3,305;98,000
3,315;91,000
3,325;101,000
3,335;80,000
3,345;99,000
3,355;96,000
3,365;91,000
3,375;83,000
3,385;120,000
3,395;86,000
3,405;71,000
3,415;83,000
3,425;95,000
3,435;94,000
3,445;88,000
3,455;85,000
3,465;104,000
3,475;87,000
3,485;86,000
3,495;106,000
3,505;75,000
3,515;84,000
3,525;94,000
3,535;90,000
3,545;84,000
3,555;79,000
3,565;95,000
3,575;64,000
3,585;80,000
3,595;80,000
3,605;83,000
3,615;93,000
3,625;90,000
3,635;87,000
3,645;72,000
3,655;77,000
3,665;84,000
3,675;89,000
3,685;86,000
3,695;98,000
3,705;87,000
3,715;70,000
3,725;79,000
3,735;101,000
3,745;89,000
3,755;81,000
3,765;100,000
3,775;88,000
3,785;111,000
3,795;94,000
3,805;85,000
3,815;85,000
3,825;83,000
3,835;82,000
3,845;99,000
3,855;87,000
3,865;84,000
3,875;107,000
3,885;93,000
3,895;80,000
3,905;88,000
3,915;87,000
3,925;99,000
3,935;87,000
3,945;69,000
3,955;95,000
3,965;91,000
3,975;81,000
3,985;98,000
3,995;91,000
4,005;82,000
4,015;90,000
4,025;85,000
4,035;99,000
4,045;86,000
4,055;107,000
4,065;87,000
4,075;100,000
4,085;96,000
4,095;102,000
4,105;74,000
4,115;105,000
4,125;98,000
4,135;97,000
4,145;93,000
4,155;90,000
4,165;100,000
4,175;106,000
4,185;112,000
4,195;111,000
4,205;86,000
4,215;108,000
4,225;103,000
4,235;111,000
4,245;96,000
4,255;67,000
4,265;119,000
4,275;95,000
4,285;101,000
4,295;83,000
4,305;113,000
4,315;93,000
4,325;96,000
4,335;89,000
4,345;94,000
4,355;100,000
4,365;92,000
4,375;87,000
4,385;87,000
4,395;82,000
4,405;100,000
4,415;92,000
4,425;88,000
4,435;78,000
4,445;97,000
4,455;94,000
4,465;72,000
4,475;102,000
4,485;97,000
4,495;90,000
4,505;82,000
4,515;88,000
4,525;87,000
4,535;103,000
4,545;80,000
4,555;88,000
4,565;77,000
4,575;90,000
4,585;82,000
4,595;75,000
4,605;83,000
4,615;61,000
4,625;69,000
4,635;77,000
4,645;76,000
4,655;87,000
4,665;87,000
4,675;69,000
4,685;70,000
4,695;67,000
4,705;63,000
4,715;61,000
4,725;51,000
4,735;61,000
4,745;70,000
4,755;61,000
4,765;57,000
4,775;72,000
4,785;70,000
4,795;53,000
4,805;46,000
4,815;50,000
4,825;62,000
4,835;49,000
4,845;61,000
4,855;53,000
4,865;53,000
4,875;59,000
4,885;54,000
4,895;57,000
4,905;49,000
4,915;54,000
4,925;53,000
4,935;44,000
4,945;45,000
4,955;51,000
4,965;42,000
4,975;39,000
4,985;50,000
4,995;52,000
5,005;46,000
5,015;54,000
5,025;51,000
5,035;39,000
5,045;56,000
5,055;53,000
5,065;41,000
5,075;50,000
5,085;49,000
5,095;52,000
5,105;59,000
5,115;47,000
5,125;46,000
5,135;50,000
5,145;52,000
5,155;40,000
5,165;50,000
5,175;48,000
5,185;50,000
5,195;38,000
5,205;46,000
5,215;47,000
5,225;44,000
5,235;37,000
5,245;39,000
5,255;48,000
5,265;39,000
5,275;47,000
5,285;41,000
5,295;45,000
5,305;42,000
5,315;51,000
5,325;39,000
5,335;42,000
5,345;51,000
5,355;32,000
5,365;44,000
5,375;47,000
5,385;48,000
5,395;34,000
5,405;47,000
5,415;54,000
5,425;57,000
5,435;51,000
5,445;55,000
5,455;54,000
5,465;43,000
5,475;43,000
5,485;45,000
5,495;38,000
5,505;52,000
5,515;42,000
5,525;49,000
5,535;38,000
5,545;46,000
5,555;55,000
5,565;34,000
5,575;44,000
5,585;49,000
5,595;47,000
5,605;47,000
5,615;45,000
5,625;38,000
5,635;32,000
5,645;52,000
5,655;42,000
5,665;49,000
5,675;59,000
5,685;64,000
5,695;51,000
5,705;50,000
5,715;42,000
5,725;59,000
5,735;66,000
5,745;58,000
5,755;60,000
5,765;54,000
5,775;64,000
5,785;70,000
5,795;72,000
5,805;64,000
5,815;53,000
5,825;93,000
5,835;73,000
5,845;66,000
5,855;84,000
5,865;94,000
5,875;89,000
5,885;107,000
5,895;105,000
5,905;117,000
5,915;107,000
5,925;118,000
5,935;133,000
5,945;118,000
5,955;155,000
5,965;140,000
5,975;147,000
5,985;169,000
5,995;187,000
6,005;200,000
6,015;215,000
6,025;196,000
6,035;212,000
6,045;269,000
6,055;277,000
6,065;319,000
6,075;276,000
6,085;319,000
6,095;335,000
6,105;358,000
6,115;378,000
6,125;434,000
6,135;404,000
6,145;496,000
6,155;495,000
6,165;503,000
6,175;527,000
6,185;513,000
6,195;553,000
6,205;583,000
6,215;626,000
6,225;590,000
6,235;666,000
6,245;620,000
6,255;744,000
6,265;721,000
6,275;673,000
6,285;770,000
6,295;784,000
6,305;772,000
6,315;813,000
6,325;746,000
6,335;856,000
6,345;823,000
6,355;872,000
6,365;888,000
6,375;839,000
6,385;861,000
6,395;879,000
6,405;816,000
6,415;921,000
6,425;900,000
6,435;777,000
6,445;842,000
6,455;839,000
6,465;796,000
6,475;732,000
6,485;760,000
6,495;735,000
6,505;702,000
6,515;743,000
6,525;677,000
6,535;647,000
6,545;619,000
6,555;582,000
6,565;595,000
6,575;548,000
6,585;498,000
6,595;466,000
6,605;438,000
6,615;450,000
6,625;398,000
6,635;393,000
6,645;406,000
6,655;353,000
6,665;297,000
6,675;336,000
6,685;291,000
6,695;234,000
6,705;284,000
6,715;228,000
6,725;243,000
6,735;196,000
6,745;201,000
6,755;158,000
6,765;145,000
6,775;134,000
6,785;114,000
6,795;99,000
6,805;92,000
6,815;90,000
6,825;96,000
6,835;79,000
6,845;71,000
6,855;59,000
6,865;60,000
6,875;57,000
6,885;53,000
6,895;39,000
6,905;39,000
6,915;31,000
6,925;28,000
6,935;22,000
6,945;16,000
6,955;28,000
6,965;22,000
6,975;24,000
6,985;24,000
6,995;14,000
7,005;14,000
7,015;6,000
7,025;8,000
7,035;3,000
7,045;6,000
7,055;7,000
7,065;4,000
7,075;7,000
7,085;5,000
7,095;4,000
7,105;4,000
7,115;9,000
7,125;6,000
7,135;2,000
7,145;3,000
7,155;2,000
7,165;5,000
7,175;2,000
7,185;8,000
7,195;1,000
7,205;3,000
7,215;2,000
7,225;1,000
7,235;2,000
7,245;3,000
7,255;4,000
7,265;1,000
7,275;1,000
7,285;3,000
7,295;6,000
7,305;1,000
7,315;2,000
7,325;1,000
7,335;3,000
7,345;0,000
7,355;2,000
7,365;3,000
7,375;2,000
7,385;2,000
7,395;3,000
7,405;0,000
7,415;3,000
7,425;2,000
7,435;2,000
7,445;1,000
7,455;1,000
7,465;2,000
7,475;0,000
7,485;4,000
7,495;2,000
7,505;1,000
7,515;3,000
7,525;8,000
7,535;1,000
7,545;3,000
7,555;3,000
7,565;2,000
7,575;2,000
7,585;0,000
7,595;6,000
7,605;1,000
7,615;3,000
7,625;1,000
7,635;1,000
7,645;3,000
7,655;2,000
7,665;2,000
7,675;1,000
7,685;6,000
7,695;2,000
7,705;0,000
7,715;0,000
7,725;0,000
7,735;4,000
7,745;3,000
7,755;3,000
7,765;1,000
7,775;3,000
7,785;2,000
7,795;3,000
7,805;2,000
7,815;3,000
7,825;1,000
7,835;2,000
7,845;1,000
7,855;4,000
7,865;2,000
7,875;2,000
7,885;1,000
7,895;1,000
7,905;6,000
7,915;2,000
7,925;2,000
7,935;2,000
7,945;4,000
7,955;1,000
7,965;0,000
7,975;3,000
7,985;2,000
7,995;2,000
8,005;2,000
8,015;2,000
8,025;3,000
8,035;1,000
8,045;4,000
8,055;0,000
8,065;3,000
8,075;3,000
8,085;1,000
8,095;1,000
8,105;1,000
8,115;2,000
8,125;3,000
8,135;3,000
8,145;2,000
8,155;0,000
8,165;1,000
8,175;7,000
8,185;0,000
8,195;2,000
8,205;2,000
8,215;0,000
8,225;6,000
8,235;2,000
8,245;4,000
8,255;3,000
8,265;3,000
8,275;3,000
8,285;1,000
8,295;0,000
8,305;1,000
8,315;4,000
8,325;1,000
8,335;4,000
8,345;4,000
8,355;4,000
8,365;3,000
8,375;0,000
8,385;0,000
8,395;3,000
8,405;1,000
8,415;3,000
8,425;1,000
8,435;1,000
8,445;0,000
8,455;5,000
8,465;3,000
8,475;3,000
8,485;1,000
8,495;3,000
8,505;2,000
8,515;0,000
8,525;3,000
8,535;5,000
8,545;0,000
8,555;2,000
8,565;1,000
8,575;2,000
8,585;2,000
8,595;1,000
8,605;3,000
8,615;3,000
8,625;3,000
8,635;2,000
8,645;3,000
8,655;6,000
8,665;2,000
8,675;3,000
8,685;2,000
8,695;2,000
8,705;1,000
8,715;2,000
8,725;3,000
8,735;1,000
8,745;2,000
8,755;1,000
8,765;1,000
8,775;0,000
8,785;2,000
8,795;1,000
8,805;3,000
8,815;2,000
8,825;2,000
8,835;3,000
8,845;3,000
8,855;4,000
8,865;3,000
8,875;3,000
8,885;1,000
8,895;2,000
8,905;3,000
8,915;2,000
8,925;2,000
8,935;4,000
8,945;3,000
8,955;6,000
8,965;1,000
8,975;0,000
8,985;1,000
8,995;1,000
9,005;1,000
9,015;1,000
9,025;2,000
9,035;2,000
9,045;1,000
9,055;0,000
9,065;4,000
9,075;0,000
9,085;0,000
9,095;2,000
9,105;0,000
9,115;2,000
9,125;0,000
9,135;1,000
9,145;0,000
9,155;0,000
9,165;0,000
9,175;4,000
9,185;0,000
9,195;1,000
9,205;4,000
9,215;6,000
9,225;0,000
9,235;2,000
9,245;2,000
9,255;2,000
9,265;1,000
9,275;2,000
9,285;2,000
9,295;5,000
9,305;1,000
9,315;1,000
9,325;3,000
9,335;1,000
9,345;1,000
9,355;2,000
9,365;3,000
9,375;1,000
9,385;1,000
9,395;0,000
9,405;1,000
9,415;1,000
9,425;2,000
9,435;1,000
9,445;3,000
9,455;1,000
9,465;0,000
9,475;3,000
9,485;1,000
9,495;2,000
9,505;2,000
9,515;0,000
9,525;0,000
9,535;0,000
9,545;1,000
9,555;2,000
9,565;2,000
9,575;2,000
9,585;3,000
9,595;1,000
9,605;3,000
9,615;1,000
9,625;1,000
9,635;2,000
9,645;1,000
9,655;1,000
9,665;0,000
9,675;2,000
9,685;2,000
9,695;1,000
9,705;0,000
9,715;0,000
9,725;3,000
9,735;2,000
9,745;2,000
9,755;3,000
9,765;1,000
9,775;1,000
9,785;2,000
9,795;4,000
9,805;1,000
9,815;1,000
9,825;0,000
9,835;0,000
9,845;4,000
9,855;1,000
9,865;1,000
9,875;1,000
9,885;2,000
9,895;3,000
9,905;5,000
9,915;3,000
9,925;2,000
9,935;1,000
9,945;1,000
9,955;1,000
9,965;0,000
9,975;2,000
9,985;2,000
9,995;2,000
10,005;0,000
10,015;1,000
10,025;2,000
10,035;0,000
10,045;1,000
10,055;5,000
10,065;1,000
10,075;0,000
10,085;1,000
10,095;1,000
10,105;1,000
10,115;0,000
10,125;3,000
10,135;1,000
10,145;1,000
10,155;2,000
10,165;1,000
10,175;0,000
10,185;2,000
10,195;2,000
10,205;0,000
10,215;3,000
10,225;2,000
10,235;1,000
10,245;0,000
10,255;1,000
10,265;0,000
10,275;1,000
10,285;1,000
10,295;1,000
10,305;1,000
10,315;4,000
10,325;1,000
10,335;2,000
10,345;2,000
10,355;0,000
10,365;0,000
10,375;0,000
10,385;2,000
10,395;0,000
10,405;2,000
10,415;1,000
10,425;2,000
10,435;0,000
10,445;1,000
10,455;2,000
10,465;4,000
10,475;2,000
10,485;0,000
10,495;1,000
10,505;2,000
10,515;0,000
10,525;3,000
10,535;1,000
10,545;0,000
10,555;1,000
10,565;3,000
10,575;0,000
10,585;1,000
10,595;3,000
10,605;2,000
10,615;2,000
10,625;3,000
10,635;1,000
10,645;0,000
10,655;1,000
10,665;1,000
10,675;0,000
10,685;1,000
10,695;2,000
10,705;1,000
10,715;1,000
10,725;2,000
10,735;0,000
10,745;3,000
10,755;1,000
10,765;3,000
10,775;2,000
10,785;1,000
10,795;3,000
10,805;1,000
10,815;1,000
10,825;1,000
10,835;1,000
10,845;2,000
10,855;0,000
10,865;1,000
10,875;1,000
10,885;2,000
10,895;0,000
10,905;0,000
10,915;1,000
10,925;0,000
10,935;2,000
10,945;0,000
10,955;1,000
10,965;0,000
10,975;1,000
10,985;0,000
10,995;2,000
11,005;1,000
11,015;0,000
11,025;2,000
11,035;1,000
11,045;1,000
11,055;3,000
11,065;2,000
11,075;0,000
11,085;0,000
11,095;1,000
11,105;1,000
11,115;0,000
11,125;1,000
11,135;1,000
11,145;2,000
11,155;1,000
11,165;2,000
11,175;2,000
11,185;1,000
11,195;1,000
11,205;1,000
11,215;1,000
11,225;1,000
11,235;0,000
11,245;0,000
11,255;0,000
11,265;1,000
11,275;2,000
11,285;0,000
11,295;0,000
11,305;3,000
11,315;0,000
11,325;0,000
11,335;2,000
11,345;1,000
11,355;1,000
11,365;0,000
11,375;0,000
11,385;0,000
11,395;0,000
11,405;1,000
11,415;2,000
11,425;0,000
11,435;0,000
11,445;1,000
11,455;1,000
11,465;2,000
11,475;0,000
11,485;0,000
11,495;1,000
11,505;3,000
11,515;2,000
11,525;0,000
11,535;0,000
11,545;1,000
11,555;2,000
11,565;1,000
11,575;0,000
11,585;0,000
11,595;0,000
11,605;2,000
11,615;0,000
11,625;1,000
11,635;0,000
11,645;1,000
11,655;1,000
11,665;4,000
11,675;0,000
11,685;0,000
11,695;1,000
11,705;0,000
11,715;1,000
11,725;1,000
11,735;2,000
11,745;2,000
11,755;0,000
11,765;0,000
11,775;2,000
11,785;1,000
11,795;1,000
11,805;0,000
11,815;0,000
11,825;0,000
11,835;1,000
11,845;0,000
11,855;3,000
11,865;0,000
11,875;1,000
11,885;0,000
11,895;2,000
11,905;3,000
11,915;0,000
11,925;0,000
11,935;2,000
11,945;0,000
11,955;0,000
11,965;0,000
11,975;0,000
11,985;0,000
11,995;1,000
12,005;1,000
12,015;0,000
12,025;1,000
12,035;0,000
12,045;1,000
12,055;0,000
12,065;0,000
12,075;0,000
12,085;0,000
12,095;0,000
12,105;0,000
12,115;0,000
12,125;0,000
12,135;0,000
12,145;0,000
12,155;1,000
12,165;0,000
12,175;0,000
12,185;1,000
12,195;2,000
12,205;2,000
12,215;2,000
12,225;1,000
12,235;2,000
12,245;2,000
12,255;3,000
12,265;0,000
12,275;1,000
12,285;1,000
12,295;0,000
12,305;2,000
12,315;0,000
12,325;1,000
12,335;1,000
12,345;1,000
12,355;0,000
12,365;0,000
12,375;0,000
12,385;2,000
12,395;0,000
12,405;1,000
12,415;0,000
12,425;1,000
12,435;0,000
12,445;1,000
12,455;0,000
12,465;1,000
12,475;2,000
12,485;0,000
12,495;1,000
12,505;0,000
12,515;2,000
12,525;3,000
12,535;1,000
12,545;1,000
12,555;2,000
12,565;0,000
12,575;1,000
12,585;2,000
12,595;2,000
12,605;3,000
12,615;2,000
12,625;0,000
12,635;1,000
12,645;1,000
12,655;1,000
12,665;1,000
12,675;1,000
12,685;0,000
12,695;1,000
12,705;0,000
12,715;4,000
12,725;0,000
12,735;1,000
12,745;0,000
12,755;2,000
12,765;1,000
12,775;2,000
12,785;1,000
12,795;2,000
12,805;1,000
12,815;0,000
12,825;6,000
12,835;1,000
12,845;3,000
12,855;1,000
12,865;3,000
12,875;0,000
12,885;2,000
12,895;2,000
12,905;0,000
12,915;2,000
12,925;1,000
12,935;0,000
12,945;0,000
12,955;3,000
12,965;3,000
12,975;4,000
12,985;1,000
12,995;1,000
13,005;5,000
13,015;2,000
13,025;0,000
13,035;4,000
13,045;2,000
13,055;4,000
13,065;1,000
13,075;3,000
13,085;2,000
13,095;6,000
13,105;2,000
13,115;4,000
13,125;2,000
13,135;5,000
13,145;1,000
13,155;3,000
13,165;3,000
13,175;2,000
13,185;2,000
13,195;1,000
13,205;1,000
13,215;0,000
13,225;1,000
13,235;3,000
13,245;2,000
13,255;2,000
13,265;0,000
13,275;2,000
13,285;4,000
13,295;4,000
13,305;1,000
13,315;0,000
13,325;1,000
13,335;2,000
13,345;1,000
13,355;2,000
13,365;0,000
13,375;0,000
13,385;1,000
13,395;1,000
13,405;2,000
13,415;0,000
13,425;0,000
13,435;2,000
13,445;2,000
13,455;5,000
13,465;1,000
13,475;2,000
13,485;1,000
13,495;1,000
13,505;2,000
13,515;0,000
13,525;1,000
13,535;1,000
13,545;0,000
13,555;1,000
13,565;1,000
13,575;0,000
13,585;0,000
13,595;0,000
13,605;0,000
13,615;0,000
13,625;0,000
13,635;1,000
13,645;2,000
13,655;1,000
13,665;1,000
13,675;0,000
13,685;1,000
13,695;0,000
13,705;0,000
13,715;0,000
13,725;1,000
13,735;0,000
13,745;1,000
13,755;0,000
13,765;0,000
13,775;1,000
13,785;0,000
13,795;0,000
13,805;0,000
13,815;1,000
13,825;0,000
13,835;0,000
13,845;0,000
13,855;1,000
13,865;1,000
13,875;1,000
13,885;1,000
13,895;0,000
13,905;0,000
13,915;0,000
13,925;0,000
13,935;1,000
13,945;0,000
13,955;0,000
13,965;0,000
13,975;0,000
13,985;0,000
13,995;0,000
14,005;1,000
14,015;0,000
14,025;0,000
14,035;0,000
14,045;0,000
14,055;0,000
14,065;0,000
14,075;0,000
14,085;2,000
14,095;1,000
14,105;1,000
14,115;0,000
14,125;0,000
14,135;0,000
14,145;1,000
14,155;1,000
14,165;0,000
14,175;1,000
14,185;0,000
14,195;0,000
14,205;1,000
14,215;0,000
14,225;0,000
14,235;1,000
14,245;0,000
14,255;0,000
14,265;1,000
14,275;0,000
14,285;1,000
14,295;0,000
14,305;0,000
14,315;0,000
14,325;1,000
14,335;1,000
14,345;0,000
14,355;0,000
14,365;1,000
14,375;0,000
14,385;0,000
14,395;0,000
14,405;1,000
14,415;0,000
14,425;0,000
14,435;0,000
14,445;1,000
14,455;0,000
14,465;0,000
14,475;0,000
14,485;0,000
14,495;0,000
14,505;0,000
14,515;0,000
14,525;0,000
14,535;0,000
14,545;0,000
14,555;1,000
14,565;1,000
14,575;0,000
14,585;0,000
14,595;0,000
14,605;0,000
14,615;0,000
14,625;0,000
14,635;1,000
14,645;0,000
14,655;1,000
14,665;1,000
14,675;0,000
14,685;0,000
14,695;0,000
14,705;0,000
14,715;0,000
14,725;0,000
14,735;0,000
14,745;0,000
14,755;0,000
14,765;0,000
14,775;1,000
14,785;0,000
14,795;0,000
14,805;0,000
14,815;0,000
14,825;0,000
14,835;0,000
14,845;1,000
14,855;0,000
14,865;0,000
14,875;0,000
14,885;0,000
14,895;0,000
14,905;1,000
14,915;1,000
14,925;0,000
14,935;1,000
14,945;1,000
14,955;0,000
14,965;0,000
14,975;0,000
14,985;0,000
14,995;0,000
15,005;0,000
15,015;0,000
15,025;0,000
15,035;1,000
15,045;0,000
15,055;0,000
15,065;0,000
15,075;0,000
15,085;0,000
15,095;0,000
15,105;0,000
15,115;0,000
15,125;0,000
15,135;1,000
15,145;0,000
15,155;0,000
15,165;0,000
15,175;0,000
15,185;1,000
15,195;1,000
15,205;0,000
15,215;0,000
15,225;0,000
15,235;0,000
15,245;1,000
15,255;0,000
15,265;1,000
15,275;0,000
15,285;0,000
15,295;1,000
15,305;0,000
15,315;0,000
15,325;1,000
15,335;0,000
15,345;0,000
15,355;2,000
15,365;0,000
15,375;0,000
15,385;0,000
15,395;1,000
15,405;0,000
15,415;0,000
15,425;2,000
15,435;0,000
15,445;1,000
15,455;0,000
15,465;1,000
15,475;0,000
15,485;1,000
15,495;3,000
15,505;1,000
15,515;0,000
15,525;0,000
15,535;1,000
15,545;0,000
15,555;0,000
15,565;1,000
15,575;0,000
15,585;1,000
15,595;0,000
15,605;1,000
15,615;0,000
15,625;1,000
15,635;1,000
15,645;1,000
15,655;0,000
15,665;0,000
15,675;1,000
15,685;0,000
15,695;0,000
15,705;0,000
15,715;1,000
15,725;2,000
15,735;1,000
15,745;0,000
15,755;0,000
15,765;0,000
15,775;0,000
15,785;0,000
15,795;0,000
15,805;0,000
15,815;0,000
15,825;0,000
15,835;1,000
15,845;0,000
15,855;0,000
15,865;2,000
15,875;0,000
15,885;4,000
15,895;2,000
15,905;0,000
15,915;0,000
15,925;0,000
15,935;0,000
15,945;2,000
15,955;2,000
15,965;1,000
15,975;0,000
15,985;0,000
15,995;1,000
16,005;1,000
16,015;2,000
16,025;1,000
16,035;0,000
16,045;0,000
16,055;1,000
16,065;1,000
16,075;1,000
16,085;1,000
16,095;0,000
16,105;0,000
16,115;0,000
16,125;1,000
16,135;0,000
16,145;0,000
16,155;1,000
16,165;1,000
16,175;0,000
16,185;0,000
16,195;0,000
16,205;0,000
16,215;0,000
16,225;0,000
16,235;0,000
16,245;2,000
16,255;1,000
16,265;0,000
16,275;1,000
16,285;0,000
16,295;0,000
16,305;0,000
16,315;0,000
16,325;0,000
16,335;0,000
16,345;1,000
16,355;0,000
16,365;1,000
16,375;1,000
16,385;1,000
16,395;2,000
16,405;1,000
16,415;0,000
16,425;0,000
16,435;0,000
16,445;1,000
16,455;0,000
16,465;0,000
16,475;0,000
16,485;0,000
16,495;0,000
16,505;0,000
16,515;0,000
16,525;0,000
16,535;0,000
16,545;0,000
16,555;0,000
16,565;0,000
16,575;0,000
16,585;3,000
16,595;0,000
16,605;1,000
16,615;0,000
16,625;0,000
16,635;2,000
16,645;1,000
16,655;0,000
16,665;1,000
16,675;0,000
16,685;0,000
16,695;1,000
16,705;0,000
16,715;0,000
16,725;0,000
16,735;0,000
16,745;0,000
16,755;1,000
16,765;1,000
16,775;0,000
16,785;0,000
16,795;0,000
16,805;0,000
16,815;0,000
16,825;1,000
16,835;0,000
16,845;0,000
16,855;1,000
16,865;0,000
16,875;0,000
16,885;1,000
16,895;0,000
16,905;0,000
16,915;0,000
16,925;0,000
16,935;0,000
16,945;0,000
16,955;0,000
16,965;0,000
16,975;0,000
16,985;0,000
16,995;0,000
17,005;0,000
17,015;0,000
17,025;0,000
17,035;0,000
17,045;0,000
17,055;0,000
17,065;0,000
17,075;0,000
17,085;0,000
17,095;1,000
17,105;0,000
17,115;0,000
17,125;0,000
17,135;0,000
17,145;0,000
17,155;0,000
17,165;0,000
17,175;0,000
17,185;1,000
17,195;0,000
17,205;0,000
17,215;0,000
17,225;0,000
17,235;1,000
17,245;0,000
17,255;0,000
17,265;1,000
17,275;0,000
17,285;1,000
17,295;0,000
17,305;1,000
17,315;0,000
17,325;1,000
17,335;0,000
17,345;0,000
17,355;0,000
17,365;0,000
17,375;0,000
17,385;0,000
17,395;1,000
17,405;1,000
17,415;0,000
17,425;0,000
17,435;1,000
17,445;1,000
17,455;0,000
17,465;0,000
17,475;0,000
17,485;0,000
17,495;0,000
17,505;1,000
17,515;0,000
17,525;0,000
17,535;0,000
17,545;0,000
17,555;0,000
17,565;0,000
17,575;0,000
17,585;0,000
17,595;0,000
17,605;0,000
17,615;0,000
17,625;0,000
17,635;0,000
17,645;0,000
17,655;0,000
17,665;0,000
17,675;1,000
17,685;0,000
17,695;0,000
17,705;0,000
17,715;0,000
17,725;1,000
17,735;0,000
17,745;0,000
17,755;0,000
17,765;0,000
17,775;0,000
17,785;0,000
17,795;0,000
17,805;0,000
17,815;1,000
17,825;0,000
17,835;0,000
17,845;0,000
17,855;0,000
17,865;1,000
17,875;0,000
17,885;0,000
17,895;0,000
17,905;0,000
17,915;0,000
17,925;0,000
17,935;0,000
17,945;0,000
17,955;0,000
17,965;0,000
17,975;0,000
17,985;0,000
17,995;0,000
18,005;0,000
18,015;0,000
18,025;0,000
18,035;0,000
18,045;0,000
18,055;0,000
18,065;0,000
18,075;0,000
18,085;0,000
18,095;0,000
18,105;0,000
18,115;0,000
18,125;0,000
18,135;0,000
18,145;0,000
18,155;0,000
18,165;0,000
18,175;0,000
18,185;0,000
18,195;0,000
18,205;0,000
18,215;0,000
18,225;0,000
18,235;0,000
18,245;0,000
18,255;0,000
18,265;0,000
18,275;0,000
18,285;0,000
18,295;0,000
18,305;0,000
18,315;0,000
18,325;0,000
18,335;0,000
18,345;0,000
18,355;0,000
18,365;0,000
18,375;0,000
18,385;0,000
18,395;0,000
18,405;0,000
18,415;0,000
18,425;0,000
18,435;0,000
18,445;0,000
18,455;0,000
18,465;0,000
18,475;0,000
18,485;0,000
18,495;0,000
18,505;0,000
18,515;0,000
18,525;0,000
18,535;0,000
18,545;0,000
18,555;0,000
18,565;0,000
18,575;0,000
18,585;0,000
18,595;0,000
18,605;0,000
18,615;0,000
18,625;0,000
18,635;0,000
18,645;0,000
18,655;0,000
18,665;0,000
18,675;0,000
18,685;1,000
18,695;0,000
18,705;0,000
18,715;0,000
18,725;0,000
18,735;0,000
18,745;0,000
18,755;0,000
18,765;0,000
18,775;0,000
18,785;0,000
18,795;0,000
18,805;0,000
18,815;0,000
18,825;1,000
18,835;0,000
18,845;0,000
18,855;0,000
18,865;0,000
18,875;0,000
18,885;0,000
18,895;0,000
18,905;0,000
18,915;0,000
18,925;0,000
18,935;0,000
18,945;0,000
18,955;0,000
18,965;0,000
18,975;0,000
18,985;0,000
18,995;0,000
19,005;0,000
19,015;0,000
19,025;0,000
19,035;0,000
19,045;0,000
19,055;0,000
19,065;0,000
19,075;0,000
19,085;0,000
19,095;0,000
19,105;0,000
19,115;0,000
19,125;0,000
19,135;0,000
19,145;0,000
19,155;0,000
19,165;0,000
19,175;0,000
19,185;0,000
19,195;0,000
19,205;0,000
19,215;0,000
19,225;0,000
19,235;0,000
19,245;0,000
19,255;0,000
19,265;0,000
19,275;1,000
19,285;0,000
19,295;0,000
19,305;0,000
19,315;0,000
19,325;0,000
19,335;0,000
19,345;0,000
19,355;0,000
19,365;0,000
19,375;0,000
19,385;0,000
19,395;0,000
19,405;0,000
19,415;0,000
19,425;0,000
19,435;0,000
19,445;0,000
19,455;0,000
19,465;1,000
19,475;0,000
19,485;0,000
19,495;0,000
19,505;0,000
19,515;0,000
19,525;0,000
19,535;0,000
19,545;0,000
19,555;0,000
19,565;0,000
19,575;0,000
19,585;0,000
19,595;0,000
19,605;0,000
19,615;0,000
19,625;0,000
19,635;0,000
19,645;0,000
19,655;0,000
19,665;0,000
19,675;0,000
19,685;0,000
19,695;0,000
19,705;0,000
19,715;0,000
19,725;0,000
19,735;0,000
19,745;0,000
19,755;0,000
19,765;0,000
19,775;0,000
19,785;0,000
19,795;0,000
19,805;0,000
19,815;0,000
19,825;0,000
19,835;0,000
19,845;0,000
19,855;0,000
19,865;0,000
19,875;0,000
19,885;0,000
19,895;0,000
19,905;0,000
19,915;0,000
19,925;59,000
19,935;0,000
19,945;0,000
19,955;0,000
19,965;0,000
19,975;0,000
19,985;0,000
19,995;8,000
