0,005;0,000
0,015;0,000
0,025;0,000
0,035;0,000
0,045;0,000
0,055;0,000
0,065;0,000
0,075;0,000
0,085;0,000
0,095;0,000
0,105;0,000
0,115;0,000
0,125;0,000
0,135;0,000
0,145;0,000
0,155;0,000
0,165;0,000
0,175;0,000
0,185;0,000
0,195;0,000
0,205;0,000
0,215;0,000
0,225;0,000
0,235;0,000
0,245;0,000
0,255;0,000
0,265;0,000
0,275;0,000
0,285;0,000
0,295;0,000
0,305;0,000
0,315;0,000
0,325;0,000
0,335;0,000
0,345;0,000
0,355;0,000
0,365;0,000
0,375;0,000
0,385;0,000
0,395;0,000
0,405;0,000
0,415;0,000
0,425;0,000
0,435;0,000
0,445;0,000
0,455;0,000
0,465;0,000
0,475;0,000
0,485;0,000
0,495;0,000
0,505;0,000
0,515;0,000
0,525;0,000
0,535;0,000
0,545;0,000
0,555;0,000
0,565;0,000
0,575;0,000
0,585;0,000
0,595;0,000
0,605;0,000
0,615;0,000
0,625;0,000
0,635;0,000
0,645;0,000
0,655;0,000
0,665;0,000
0,675;0,000
0,685;0,000
0,695;0,000
0,705;0,000
0,715;0,000
0,725;0,000
0,735;0,000
0,745;0,000
0,755;0,000
0,765;0,000
0,775;0,000
0,785;0,000
0,795;0,000
0,805;0,000
0,815;0,000
0,825;0,000
0,835;0,000
0,845;0,000
0,855;0,000
0,865;0,000
0,875;0,000
0,885;0,000
0,895;0,000
0,905;0,000
0,915;0,000
0,925;0,000
0,935;0,000
0,945;0,000
0,955;0,000
0,965;0,000
0,975;0,000
0,985;0,000
0,995;0,000
1,005;0,000
1,015;0,000
1,025;0,000
1,035;0,000
1,045;0,000
1,055;0,000
1,065;0,000
1,075;0,000
1,085;0,000
1,095;0,000
1,105;0,000
1,115;0,000
1,125;0,000
1,135;0,000
1,145;0,000
1,155;0,000
1,165;0,000
1,175;0,000
1,185;0,000
1,195;0,000
1,205;0,000
1,215;0,000
1,225;0,000
1,235;0,000
1,245;0,000
1,255;0,000
1,265;0,000
1,275;0,000
1,285;0,000
1,295;0,000
1,305;0,000
1,315;0,000
1,325;0,000
1,335;0,000
1,345;0,000
1,355;0,000
1,365;0,000
1,375;0,000
1,385;0,000
1,395;0,000
1,405;0,000
1,415;0,000
1,425;0,000
1,435;0,000
1,445;0,000
1,455;0,000
1,465;0,000
1,475;0,000
1,485;0,000
1,495;2,000
1,505;21,000
1,515;60,000
1,525;81,000
1,535;82,000
1,545;83,000
1,555;78,000
1,565;74,000
1,575;75,000
1,585;105,000
1,595;73,000
1,605;83,000
1,615;88,000
1,625;81,000
1,635;70,000
1,645;76,000
1,655;66,000
1,665;77,000
1,675;84,000
1,685;70,000
1,695;71,000
1,705;90,000
1,715;88,000
1,725;90,000
1,735;77,000
1,745;80,000
1,755;76,000
1,765;90,000
1,775;77,000
1,785;71,000
1,795;79,000
1,805;70,000
1,815;83,000
1,825;85,000
1,835;94,000
1,845;76,000
1,855;80,000
1,865;95,000
1,875;82,000
1,885;89,000
1,895;72,000
1,905;84,000
1,915;87,000
1,925;74,000
1,935;74,000
1,945;82,000
1,955;97,000
1,965;70,000
1,975;75,000
1,985;73,000
1,995;87,000
2,005;76,000
2,015;91,000
2,025;86,000
2,035;91,000
2,045;80,000
2,055;83,000
2,065;72,000
2,075;84,000
2,085;92,000
2,095;105,000
2,105;71,000
2,115;92,000
2,125;86,000
2,135;81,000
2,145;90,000
2,155;94,000
2,165;79,000
2,175;90,000
2,185;81,000
2,195;80,000
2,205;81,000
2,215;67,000
2,225;92,000
2,235;76,000
2,245;76,000
2,255;83,000
2,265;89,000
2,275;77,000
2,285;86,000
2,295;75,000
2,305;88,000
2,315;74,000
2,325;83,000
2,335;80,000
2,345;76,000
2,355;82,000
2,365;71,000
2,375;101,000
2,385;102,000
2,395;101,000
2,405;67,000
2,415;113,000
2,425;86,000
2,435;64,000
2,445;80,000
2,455;77,000
2,465;68,000
2,475;85,000
2,485;70,000
2,495;69,000
2,505;93,000
2,515;96,000
2,525;83,000
2,535;84,000
2,545;65,000
2,555;83,000
2,565;73,000
2,575;98,000
2,585;77,000
2,595;73,000
2,605;72,000
2,615;62,000
2,625;72,000
2,635;72,000
2,645;86,000
2,655;83,000
2,665;86,000
2,675;61,000
2,685;77,000
2,695;88,000
2,705;71,000
2,715;100,000
2,725;75,000
2,735;83,000
2,745;68,000
2,755;75,000
2,765;60,000
2,775;76,000
2,785;70,000
2,795;69,000
2,805;60,000
2,815;76,000
2,825;61,000
2,835;74,000
2,845;71,000
2,855;65,000
2,865;63,000
2,875;70,000
2,885;68,000
2,895;79,000
2,905;73,000
2,915;74,000
2,925;67,000
2,935;91,000
2,945;74,000
2,955;69,000
2,965;77,000
2,975;90,000
2,985;89,000
2,995;72,000
3,005;52,000
3,015;64,000
3,025;77,000
3,035;62,000
3,045;82,000
3,055;63,000
3,065;65,000
3,075;75,000
3,085;73,000
3,095;60,000
3,105;74,000
3,115;66,000
3,125;60,000
3,135;65,000
3,145;60,000
3,155;61,000
3,165;89,000
3,175;64,000
3,185;68,000
3,195;71,000
3,205;74,000
3,215;56,000
3,225;79,000
3,235;79,000
3,245;81,000
3,255;69,000
3,265;78,000
3,275;76,000
3,285;70,000
3,295;87,000
3,305;74,000
3,315;86,000
3,325;72,000
3,335;78,000
3,345;79,000
3,355;87,000
3,365;75,000
3,375;51,000
3,385;81,000
3,395;65,000
3,405;75,000
3,415;61,000
3,425;61,000
3,435;69,000
3,445;77,000
3,455;69,000
3,465;52,000
3,475;72,000
3,485;73,000
3,495;66,000
3,505;73,000
3,515;71,000
3,525;71,000
3,535;74,000
3,545;74,000
3,555;74,000
3,565;59,000
3,575;89,000
3,585;82,000
3,595;62,000
3,605;60,000
3,615;87,000
3,625;61,000
3,635;72,000
3,645;63,000
3,655;83,000
3,665;64,000
3,675;64,000
3,685;81,000
3,695;55,000
3,705;67,000
3,715;56,000
3,725;79,000
3,735;73,000
3,745;88,000
3,755;70,000
3,765;65,000
3,775;86,000
3,785;58,000
3,795;60,000
3,805;83,000
3,815;66,000
3,825;83,000
3,835;69,000
3,845;67,000
3,855;79,000
3,865;69,000
3,875;75,000
3,885;73,000
3,895;74,000
3,905;68,000
3,915;62,000
3,925;72,000
3,935;63,000
3,945;61,000
3,955;65,000
3,965;63,000
3,975;63,000
3,985;80,000
3,995;70,000
4,005;59,000
4,015;84,000
4,025;69,000
4,035;72,000
4,045;80,000
4,055;67,000
4,065;64,000
4,075;77,000
4,085;57,000
4,095;48,000
4,105;63,000
4,115;72,000
4,125;66,000
4,135;62,000
4,145;85,000
4,155;76,000
4,165;69,000
4,175;85,000
4,185;73,000
4,195;75,000
4,205;66,000
4,215;80,000
4,225;69,000
4,235;69,000
4,245;66,000
4,255;80,000
4,265;70,000
4,275;72,000
4,285;74,000
4,295;71,000
4,305;68,000
4,315;72,000
4,325;84,000
4,335;62,000
4,345;67,000
4,355;52,000
4,365;60,000
4,375;65,000
4,385;92,000
4,395;76,000
4,405;78,000
4,415;80,000
4,425;66,000
4,435;69,000
4,445;60,000
4,455;79,000
4,465;57,000
4,475;75,000
4,485;73,000
4,495;58,000
4,505;53,000
4,515;71,000
4,525;67,000
4,535;65,000
4,545;51,000
4,555;52,000
4,565;72,000
4,575;51,000
4,585;48,000
4,595;60,000
4,605;45,000
4,615;55,000
4,625;44,000
4,635;47,000
4,645;44,000
4,655;43,000
4,665;57,000
4,675;45,000
4,685;47,000
4,695;36,000
4,705;36,000
4,715;39,000
4,725;35,000
4,735;47,000
4,745;32,000
4,755;49,000
4,765;50,000
4,775;41,000
4,785;41,000
4,795;45,000
4,805;38,000
4,815;38,000
4,825;43,000
4,835;37,000
4,845;36,000
4,855;41,000
4,865;27,000
4,875;33,000
4,885;28,000
4,895;49,000
4,905;30,000
4,915;30,000
4,925;40,000
4,935;35,000
4,945;26,000
4,955;28,000
4,965;31,000
4,975;41,000
4,985;30,000
4,995;23,000
5,005;23,000
5,015;38,000
5,025;40,000
5,035;25,000
5,045;34,000
5,055;26,000
5,065;26,000
5,075;27,000
5,085;29,000
5,095;39,000
5,105;21,000
5,115;28,000
5,125;30,000
5,135;19,000
5,145;29,000
5,155;32,000
5,165;27,000
5,175;25,000
5,185;20,000
5,195;27,000
5,205;27,000
5,215;28,000
5,225;27,000
5,235;33,000
5,245;24,000
5,255;25,000
5,265;19,000
5,275;36,000
5,285;32,000
5,295;31,000
5,305;36,000
5,315;23,000
5,325;23,000
5,335;13,000
5,345;40,000
5,355;25,000
5,365;19,000
5,375;22,000
5,385;37,000
5,395;30,000
5,405;33,000
5,415;32,000
5,425;24,000
5,435;18,000
5,445;28,000
5,455;27,000
5,465;31,000
5,475;26,000
5,485;23,000
5,495;34,000
5,505;33,000
5,515;25,000
5,525;35,000
5,535;18,000
5,545;32,000
5,555;23,000
5,565;38,000
5,575;41,000
5,585;34,000
5,595;38,000
5,605;31,000
5,615;33,000
5,625;35,000
5,635;33,000
5,645;43,000
5,655;30,000
5,665;32,000
5,675;29,000
5,685;26,000
5,695;43,000
5,705;38,000
5,715;42,000
5,725;44,000
5,735;30,000
5,745;47,000
5,755;37,000
5,765;29,000
5,775;54,000
5,785;42,000
5,795;39,000
5,805;44,000
5,815;55,000
5,825;60,000
5,835;56,000
5,845;67,000
5,855;48,000
5,865;79,000
5,875;71,000
5,885;74,000
5,895;82,000
5,905;81,000
5,915;77,000
5,925;100,000
5,935;103,000
5,945;94,000
5,955;112,000
5,965;114,000
5,975;147,000
5,985;150,000
5,995;162,000
6,005;135,000
6,015;184,000
6,025;208,000
6,035;202,000
6,045;207,000
6,055;248,000
6,065;240,000
6,075;272,000
6,085;283,000
6,095;289,000
6,105;294,000
6,115;317,000
6,125;319,000
6,135;359,000
6,145;386,000
6,155;397,000
6,165;385,000
6,175;382,000
6,185;439,000
6,195;449,000
6,205;443,000
6,215;498,000
6,225;542,000
6,235;498,000
6,245;536,000
6,255;545,000
6,265;504,000
6,275;546,000
6,285;615,000
6,295;593,000
6,305;608,000
6,315;624,000
6,325;593,000
6,335;594,000
6,345;695,000
6,355;619,000
6,365;618,000
6,375;638,000
6,385;611,000
6,395;588,000
6,405;650,000
6,415;559,000
6,425;580,000
6,435;565,000
6,445;507,000
6,455;521,000
6,465;609,000
6,475;542,000
6,485;491,000
6,495;472,000
6,505;489,000
6,515;482,000
6,525;415,000
6,535;433,000
6,545;409,000
6,555;419,000
6,565;360,000
6,575;361,000
6,585;316,000
6,595;316,000
6,605;297,000
6,615;303,000
6,625;264,000
6,635;237,000
6,645;235,000
6,655;188,000
6,665;217,000
6,675;184,000
6,685;173,000
6,695;152,000
6,705;156,000
6,715;147,000
6,725;135,000
6,735;103,000
6,745;99,000
6,755;100,000
6,765;91,000
6,775;70,000
6,785;66,000
6,795;59,000
6,805;56,000
6,815;49,000
6,825;58,000
6,835;43,000
6,845;35,000
6,855;29,000
6,865;24,000
6,875;27,000
6,885;29,000
6,895;22,000
6,905;15,000
6,915;12,000
6,925;24,000
6,935;12,000
6,945;15,000
6,955;10,000
6,965;15,000
6,975;15,000
6,985;9,000
6,995;5,000
7,005;6,000
7,015;7,000
7,025;4,000
7,035;6,000
7,045;5,000
7,055;4,000
7,065;3,000
7,075;4,000
7,085;6,000
7,095;8,000
7,105;3,000
7,115;1,000
7,125;3,000
7,135;0,000
7,145;4,000
7,155;2,000
7,165;3,000
7,175;2,000
7,185;5,000
7,195;1,000
7,205;2,000
7,215;4,000
7,225;3,000
7,235;2,000
7,245;3,000
7,255;4,000
7,265;2,000
7,275;1,000
7,285;2,000
7,295;2,000
7,305;0,000
7,315;2,000
7,325;0,000
7,335;4,000
7,345;3,000
7,355;1,000
7,365;2,000
7,375;0,000
7,385;4,000
7,395;0,000
7,405;1,000
7,415;2,000
7,425;1,000
7,435;5,000
7,445;3,000
7,455;1,000
7,465;1,000
7,475;1,000
7,485;1,000
7,495;3,000
7,505;1,000
7,515;2,000
7,525;1,000
7,535;1,000
7,545;2,000
7,555;2,000
7,565;2,000
7,575;2,000
7,585;1,000
7,595;2,000
7,605;1,000
7,615;1,000
7,625;4,000
7,635;0,000
7,645;2,000
7,655;0,000
7,665;1,000
7,675;2,000
7,685;1,000
7,695;0,000
7,705;2,000
7,715;0,000
7,725;1,000
7,735;0,000
7,745;1,000
7,755;3,000
7,765;1,000
7,775;2,000
7,785;1,000
7,795;4,000
7,805;2,000
7,815;3,000
7,825;2,000
7,835;0,000
7,845;3,000
7,855;1,000
7,865;1,000
7,875;1,000
7,885;1,000
7,895;1,000
7,905;5,000
7,915;3,000
7,925;5,000
7,935;1,000
7,945;3,000
7,955;2,000
7,965;0,000
7,975;1,000
7,985;1,000
7,995;1,000
8,005;2,000
8,015;0,000
8,025;1,000
8,035;2,000
8,045;3,000
8,055;3,000
8,065;0,000
8,075;0,000
8,085;0,000
8,095;0,000
8,105;1,000
8,115;0,000
8,125;3,000
8,135;1,000
8,145;0,000
8,155;2,000
8,165;0,000
8,175;3,000
8,185;0,000
8,195;3,000
8,205;2,000
8,215;0,000
8,225;0,000
8,235;2,000
8,245;2,000
8,255;2,000
8,265;1,000
8,275;1,000
8,285;2,000
8,295;1,000
8,305;2,000
8,315;3,000
8,325;1,000
8,335;4,000
8,345;0,000
8,355;2,000
8,365;0,000
8,375;1,000
8,385;1,000
8,395;1,000
8,405;1,000
8,415;2,000
8,425;1,000
8,435;2,000
8,445;0,000
8,455;4,000
8,465;3,000
8,475;1,000
8,485;2,000
8,495;2,000
8,505;2,000
8,515;1,000
8,525;0,000
8,535;6,000
8,545;1,000
8,555;1,000
8,565;1,000
8,575;5,000
8,585;4,000
8,595;2,000
8,605;1,000
8,615;3,000
8,625;1,000
8,635;5,000
8,645;3,000
8,655;2,000
8,665;1,000
8,675;0,000
8,685;2,000
8,695;1,000
8,705;0,000
8,715;5,000
8,725;1,000
8,735;1,000
8,745;2,000
8,755;3,000
8,765;3,000
8,775;1,000
8,785;0,000
8,795;1,000
8,805;1,000
8,815;3,000
8,825;2,000
8,835;0,000
8,845;1,000
8,855;1,000
8,865;3,000
8,875;3,000
8,885;0,000
8,895;1,000
8,905;4,000
8,915;4,000
8,925;1,000
8,935;0,000
8,945;1,000
8,955;2,000
8,965;1,000
8,975;4,000
8,985;3,000
8,995;2,000
9,005;1,000
9,015;3,000
9,025;5,000
9,035;1,000
9,045;3,000
9,055;0,000
9,065;2,000
9,075;1,000
9,085;0,000
9,095;1,000
9,105;1,000
9,115;1,000
9,125;0,000
9,135;2,000
9,145;1,000
9,155;2,000
9,165;0,000
9,175;3,000
9,185;0,000
9,195;3,000
9,205;1,000
9,215;2,000
9,225;1,000
9,235;3,000
9,245;2,000
9,255;0,000
9,265;1,000
9,275;2,000
9,285;1,000
9,295;0,000
9,305;0,000
9,315;1,000
9,325;0,000
9,335;2,000
9,345;1,000
9,355;3,000
9,365;1,000
9,375;2,000
9,385;1,000
9,395;1,000
9,405;2,000
9,415;1,000
9,425;1,000
9,435;2,000
9,445;3,000
9,455;1,000
9,465;2,000
9,475;5,000
9,485;0,000
9,495;0,000
9,505;2,000
9,515;1,000
9,525;2,000
9,535;1,000
9,545;1,000
9,555;0,000
9,565;1,000
9,575;1,000
9,585;1,000
9,595;1,000
9,605;1,000
9,615;3,000
9,625;1,000
9,635;1,000
9,645;0,000
9,655;1,000
9,665;4,000
9,675;2,000
9,685;3,000
9,695;0,000
9,705;1,000
9,715;1,000
9,725;1,000
9,735;2,000
9,745;1,000
9,755;1,000
9,765;1,000
9,775;1,000
9,785;1,000
9,795;2,000
9,805;2,000
9,815;0,000
9,825;3,000
9,835;2,000
9,845;3,000
9,855;2,000
9,865;1,000
9,875;1,000
9,885;0,000
9,895;2,000
9,905;0,000
9,915;0,000
9,925;2,000
9,935;1,000
9,945;1,000
9,955;1,000
9,965;2,000
9,975;3,000
9,985;1,000
9,995;1,000
10,005;2,000
10,015;1,000
10,025;1,000
10,035;2,000
10,045;0,000
10,055;2,000
10,065;0,000
10,075;2,000
10,085;0,000
10,095;1,000
10,105;2,000
10,115;3,000
10,125;1,000
10,135;2,000
10,145;0,000
10,155;2,000
10,165;1,000
10,175;0,000
10,185;0,000
10,195;4,000
10,205;0,000
10,215;2,000
10,225;2,000
10,235;2,000
10,245;1,000
10,255;1,000
10,265;1,000
10,275;1,000
10,285;1,000
10,295;3,000
10,305;0,000
10,315;2,000
10,325;0,000
10,335;2,000
10,345;3,000
10,355;0,000
10,365;1,000
10,375;3,000
10,385;1,000
10,395;2,000
10,405;2,000
10,415;0,000
10,425;1,000
10,435;0,000
10,445;0,000
10,455;0,000
10,465;1,000
10,475;2,000
10,485;2,000
10,495;1,000
10,505;0,000
10,515;0,000
10,525;2,000
10,535;0,000
10,545;1,000
10,555;2,000
10,565;2,000
10,575;2,000
10,585;1,000
10,595;0,000
10,605;4,000
10,615;3,000
10,625;0,000
10,635;0,000
10,645;2,000
10,655;1,000
10,665;1,000
10,675;0,000
10,685;2,000
10,695;1,000
10,705;3,000
10,715;1,000
10,725;3,000
10,735;0,000
10,745;1,000
10,755;2,000
10,765;1,000
10,775;1,000
10,785;0,000
10,795;3,000
10,805;2,000
10,815;1,000
10,825;0,000
10,835;0,000
10,845;0,000
10,855;3,000
10,865;0,000
10,875;0,000
10,885;3,000
10,895;2,000
10,905;2,000
10,915;1,000
10,925;1,000
10,935;1,000
10,945;0,000
10,955;1,000
10,965;3,000
10,975;0,000
10,985;0,000
10,995;1,000
11,005;0,000
11,015;3,000
11,025;1,000
11,035;2,000
11,045;0,000
11,055;1,000
11,065;1,000
11,075;1,000
11,085;3,000
11,095;0,000
11,105;2,000
11,115;1,000
11,125;1,000
11,135;2,000
11,145;0,000
11,155;1,000
11,165;0,000
11,175;2,000
11,185;3,000
11,195;1,000
11,205;1,000
11,215;0,000
11,225;2,000
11,235;0,000
11,245;0,000
11,255;2,000
11,265;1,000
11,275;0,000
11,285;3,000
11,295;0,000
11,305;2,000
11,315;0,000
11,325;1,000
11,335;0,000
11,345;1,000
11,355;2,000
11,365;0,000
11,375;1,000
11,385;2,000
11,395;1,000
11,405;2,000
11,415;0,000
11,425;1,000
11,435;0,000
11,445;1,000
11,455;0,000
11,465;1,000
11,475;3,000
11,485;0,000
11,495;0,000
11,505;1,000
11,515;2,000
11,525;0,000
11,535;2,000
11,545;0,000
11,555;0,000
11,565;0,000
11,575;1,000
11,585;0,000
11,595;1,000
11,605;2,000
11,615;1,000
11,625;1,000
11,635;1,000
11,645;0,000
11,655;0,000
11,665;0,000
11,675;0,000
11,685;0,000
11,695;1,000
11,705;2,000
11,715;1,000
11,725;3,000
11,735;2,000
11,745;0,000
11,755;0,000
11,765;0,000
11,775;5,000
11,785;1,000
11,795;1,000
11,805;0,000
11,815;1,000
11,825;0,000
11,835;1,000
11,845;1,000
11,855;0,000
11,865;2,000
11,875;0,000
11,885;0,000
11,895;0,000
11,905;0,000
11,915;0,000
11,925;2,000
11,935;2,000
11,945;0,000
11,955;0,000
11,965;2,000
11,975;0,000
11,985;1,000
11,995;1,000
12,005;0,000
12,015;1,000
12,025;1,000
12,035;0,000
12,045;1,000
12,055;1,000
12,065;0,000
12,075;0,000
12,085;1,000
12,095;2,000
12,105;0,000
12,115;0,000
12,125;0,000
12,135;0,000
12,145;4,000
12,155;0,000
12,165;0,000
12,175;1,000
12,185;1,000
12,195;0,000
12,205;0,000
12,215;0,000
12,225;0,000
12,235;0,000
12,245;1,000
12,255;0,000
12,265;1,000
12,275;0,000
12,285;3,000
12,295;4,000
12,305;1,000
12,315;2,000
12,325;3,000
12,335;1,000
12,345;0,000
12,355;1,000
12,365;0,000
12,375;4,000
12,385;1,000
12,395;1,000
12,405;1,000
12,415;0,000
12,425;0,000
12,435;0,000
12,445;0,000
12,455;2,000
12,465;2,000
12,475;3,000
12,485;1,000
12,495;0,000
12,505;0,000
12,515;1,000
12,525;0,000
12,535;1,000
12,545;0,000
12,555;1,000
12,565;2,000
12,575;1,000
12,585;0,000
12,595;3,000
12,605;3,000
12,615;0,000
12,625;0,000
12,635;1,000
12,645;4,000
12,655;1,000
12,665;1,000
12,675;2,000
12,685;4,000
12,695;0,000
12,705;2,000
12,715;1,000
12,725;2,000
12,735;1,000
12,745;1,000
12,755;1,000
12,765;2,000
12,775;0,000
12,785;2,000
12,795;3,000
12,805;3,000
12,815;3,000
12,825;3,000
12,835;2,000
12,845;1,000
12,855;3,000
12,865;3,000
12,875;4,000
12,885;1,000
12,895;4,000
12,905;3,000
12,915;1,000
12,925;2,000
12,935;3,000
12,945;1,000
12,955;1,000
12,965;2,000
12,975;0,000
12,985;1,000
12,995;1,000
13,005;2,000
13,015;1,000
13,025;1,000
13,035;1,000
13,045;1,000
13,055;2,000
13,065;3,000
13,075;3,000
13,085;2,000
13,095;2,000
13,105;0,000
13,115;1,000
13,125;5,000
13,135;1,000
13,145;0,000
13,155;2,000
13,165;5,000
13,175;1,000
13,185;3,000
13,195;2,000
13,205;4,000
13,215;4,000
13,225;0,000
13,235;3,000
13,245;2,000
13,255;2,000
13,265;2,000
13,275;1,000
13,285;2,000
13,295;5,000
13,305;0,000
13,315;1,000
13,325;1,000
13,335;2,000
13,345;4,000
13,355;4,000
13,365;0,000
13,375;1,000
13,385;4,000
13,395;1,000
13,405;1,000
13,415;0,000
13,425;3,000
13,435;2,000
13,445;2,000
13,455;0,000
13,465;1,000
13,475;1,000
13,485;1,000
13,495;1,000
13,505;0,000
13,515;0,000
13,525;0,000
13,535;2,000
13,545;1,000
13,555;0,000
13,565;1,000
13,575;0,000
13,585;1,000
13,595;2,000
13,605;0,000
13,615;3,000
13,625;0,000
13,635;0,000
13,645;1,000
13,655;0,000
13,665;1,000
13,675;0,000
13,685;0,000
13,695;0,000
13,705;0,000
13,715;0,000
13,725;0,000
13,735;0,000
13,745;1,000
13,755;2,000
13,765;2,000
13,775;1,000
13,785;0,000
13,795;1,000
13,805;0,000
13,815;0,000
13,825;0,000
13,835;0,000
13,845;1,000
13,855;1,000
13,865;0,000
13,875;0,000
13,885;0,000
13,895;1,000
13,905;1,000
13,915;1,000
13,925;0,000
13,935;1,000
13,945;1,000
13,955;2,000
13,965;0,000
13,975;0,000
13,985;0,000
13,995;0,000
14,005;0,000
14,015;1,000
14,025;0,000
14,035;0,000
14,045;1,000
14,055;0,000
14,065;2,000
14,075;0,000
14,085;0,000
14,095;0,000
14,105;0,000
14,115;1,000
14,125;1,000
14,135;0,000
14,145;0,000
14,155;1,000
14,165;0,000
14,175;0,000
14,185;1,000
14,195;0,000
14,205;0,000
14,215;0,000
14,225;0,000
14,235;0,000
14,245;0,000
14,255;0,000
14,265;0,000
14,275;1,000
14,285;1,000
14,295;0,000
14,305;0,000
14,315;0,000
14,325;0,000
14,335;0,000
14,345;2,000
14,355;0,000
14,365;0,000
14,375;0,000
14,385;1,000
14,395;0,000
14,405;1,000
14,415;0,000
14,425;0,000
14,435;1,000
14,445;0,000
14,455;1,000
14,465;0,000
14,475;0,000
14,485;1,000
14,495;0,000
14,505;0,000
14,515;0,000
14,525;1,000
14,535;0,000
14,545;1,000
14,555;0,000
14,565;0,000
14,575;0,000
14,585;0,000
14,595;1,000
14,605;0,000
14,615;0,000
14,625;0,000
14,635;0,000
14,645;0,000
14,655;0,000
14,665;1,000
14,675;0,000
14,685;0,000
14,695;0,000
14,705;0,000
14,715;1,000
14,725;1,000
14,735;0,000
14,745;0,000
14,755;0,000
14,765;0,000
14,775;1,000
14,785;1,000
14,795;1,000
14,805;2,000
14,815;0,000
14,825;0,000
14,835;0,000
14,845;0,000
14,855;0,000
14,865;2,000
14,875;0,000
14,885;0,000
14,895;0,000
14,905;0,000
14,915;0,000
14,925;0,000
14,935;0,000
14,945;0,000
14,955;0,000
14,965;2,000
14,975;0,000
14,985;0,000
14,995;1,000
15,005;0,000
15,015;0,000
15,025;1,000
15,035;1,000
15,045;1,000
15,055;0,000
15,065;0,000
15,075;0,000
15,085;0,000
15,095;0,000
15,105;0,000
15,115;0,000
15,125;0,000
15,135;0,000
15,145;0,000
15,155;0,000
15,165;1,000
15,175;0,000
15,185;1,000
15,195;1,000
15,205;1,000
15,215;0,000
15,225;1,000
15,235;0,000
15,245;0,000
15,255;0,000
15,265;0,000
15,275;0,000
15,285;0,000
15,295;1,000
15,305;0,000
15,315;0,000
15,325;1,000
15,335;0,000
15,345;0,000
15,355;1,000
15,365;0,000
15,375;1,000
15,385;0,000
15,395;0,000
15,405;0,000
15,415;0,000
15,425;0,000
15,435;0,000
15,445;0,000
15,455;1,000
15,465;0,000
15,475;2,000
15,485;0,000
15,495;1,000
15,505;3,000
15,515;0,000
15,525;0,000
15,535;2,000
15,545;2,000
15,555;0,000
15,565;2,000
15,575;0,000
15,585;1,000
15,595;0,000
15,605;1,000
15,615;0,000
15,625;0,000
15,635;0,000
15,645;1,000
15,655;1,000
15,665;0,000
15,675;1,000
15,685;1,000
15,695;1,000
15,705;0,000
15,715;0,000
15,725;1,000
15,735;0,000
15,745;1,000
15,755;0,000
15,765;0,000
15,775;0,000
15,785;0,000
15,795;1,000
15,805;0,000
15,815;0,000
15,825;0,000
15,835;0,000
15,845;0,000
15,855;0,000
15,865;0,000
15,875;0,000
15,885;2,000
15,895;1,000
15,905;0,000
15,915;1,000
15,925;0,000
15,935;0,000
15,945;0,000
15,955;0,000
15,965;0,000
15,975;0,000
15,985;1,000
15,995;2,000
16,005;1,000
16,015;3,000
16,025;0,000
16,035;0,000
16,045;3,000
16,055;1,000
16,065;1,000
16,075;0,000
16,085;0,000
16,095;0,000
16,105;2,000
16,115;0,000
16,125;1,000
16,135;2,000
16,145;0,000
16,155;2,000
16,165;2,000
16,175;1,000
16,185;0,000
16,195;1,000
16,205;1,000
16,215;1,000
16,225;1,000
16,235;0,000
16,245;1,000
16,255;1,000
16,265;1,000
16,275;0,000
16,285;0,000
16,295;2,000
16,305;0,000
16,315;1,000
16,325;0,000
16,335;1,000
16,345;0,000
16,355;2,000
16,365;0,000
16,375;3,000
16,385;1,000
16,395;1,000
16,405;0,000
16,415;0,000
16,425;0,000
16,435;0,000
16,445;2,000
16,455;0,000
16,465;0,000
16,475;0,000
16,485;2,000
16,495;0,000
16,505;0,000
16,515;0,000
16,525;0,000
16,535;0,000
16,545;1,000
16,555;2,000
16,565;0,000
16,575;1,000
16,585;0,000
16,595;0,000
16,605;0,000
16,615;0,000
16,625;0,000
16,635;0,000
16,645;1,000
16,655;0,000
16,665;0,000
16,675;0,000
16,685;1,000
16,695;0,000
16,705;0,000
16,715;0,000
16,725;1,000
16,735;0,000
16,745;0,000
16,755;0,000
16,765;1,000
16,775;0,000
16,785;0,000
16,795;0,000
16,805;0,000
16,815;1,000
16,825;1,000
16,835;0,000
16,845;0,000
16,855;0,000
16,865;0,000
16,875;0,000
16,885;0,000
16,895;1,000
16,905;0,000
16,915;1,000
16,925;0,000
16,935;1,000
16,945;0,000
16,955;0,000
16,965;0,000
16,975;1,000
16,985;0,000
16,995;0,000
17,005;0,000
17,015;0,000
17,025;0,000
17,035;0,000
17,045;0,000
17,055;0,000
17,065;0,000
17,075;0,000
17,085;0,000
17,095;1,000
17,105;0,000
17,115;0,000
17,125;1,000
17,135;0,000
17,145;1,000
17,155;0,000
17,165;0,000
17,175;1,000
17,185;0,000
17,195;0,000
17,205;2,000
17,215;1,000
17,225;0,000
17,235;1,000
17,245;1,000
17,255;0,000
17,265;0,000
17,275;0,000
17,285;2,000
17,295;1,000
17,305;1,000
17,315;0,000
17,325;1,000
17,335;0,000
17,345;1,000
17,355;1,000
17,365;0,000
17,375;0,000
17,385;0,000
17,395;1,000
17,405;0,000
17,415;0,000
17,425;0,000
17,435;3,000
17,445;0,000
17,455;0,000
17,465;2,000
17,475;1,000
17,485;0,000
17,495;0,000
17,505;0,000
17,515;0,000
17,525;0,000
17,535;0,000
17,545;0,000
17,555;0,000
17,565;0,000
17,575;0,000
17,585;1,000
17,595;0,000
17,605;1,000
17,615;1,000
17,625;0,000
17,635;0,000
17,645;0,000
17,655;0,000
17,665;0,000
17,675;0,000
17,685;0,000
17,695;0,000
17,705;0,000
17,715;0,000
17,725;0,000
17,735;0,000
17,745;0,000
17,755;0,000
17,765;0,000
17,775;0,000
17,785;0,000
17,795;0,000
17,805;0,000
17,815;0,000
17,825;0,000
17,835;0,000
17,845;0,000
17,855;0,000
17,865;0,000
17,875;0,000
17,885;0,000
17,895;0,000
17,905;0,000
17,915;0,000
17,925;0,000
17,935;0,000
17,945;0,000
17,955;0,000
17,965;0,000
17,975;0,000
17,985;0,000
17,995;0,000
18,005;0,000
18,015;0,000
18,025;0,000
18,035;0,000
18,045;0,000
18,055;0,000
18,065;0,000
18,075;1,000
18,085;0,000
18,095;0,000
18,105;0,000
18,115;0,000
18,125;0,000
18,135;0,000
18,145;0,000
18,155;0,000
18,165;0,000
18,175;0,000
18,185;0,000
18,195;0,000
18,205;0,000
18,215;0,000
18,225;0,000
18,235;0,000
18,245;1,000
18,255;0,000
18,265;0,000
18,275;0,000
18,285;0,000
18,295;0,000
18,305;0,000
18,315;0,000
18,325;0,000
18,335;0,000
18,345;0,000
18,355;0,000
18,365;0,000
18,375;0,000
18,385;0,000
18,395;0,000
18,405;0,000
18,415;0,000
18,425;0,000
18,435;1,000
18,445;0,000
18,455;0,000
18,465;0,000
18,475;0,000
18,485;0,000
18,495;0,000
18,505;0,000
18,515;0,000
18,525;0,000
18,535;0,000
18,545;0,000
18,555;0,000
18,565;0,000
18,575;0,000
18,585;0,000
18,595;0,000
18,605;0,000
18,615;0,000
18,625;0,000
18,635;0,000
18,645;0,000
18,655;0,000
18,665;0,000
18,675;0,000
18,685;0,000
18,695;0,000
18,705;0,000
18,715;0,000
18,725;0,000
18,735;0,000
18,745;0,000
18,755;0,000
18,765;0,000
18,775;0,000
18,785;0,000
18,795;0,000
18,805;0,000
18,815;0,000
18,825;0,000
18,835;0,000
18,845;0,000
18,855;0,000
18,865;0,000
18,875;0,000
18,885;0,000
18,895;0,000
18,905;0,000
18,915;0,000
18,925;0,000
18,935;0,000
18,945;0,000
18,955;0,000
18,965;0,000
18,975;0,000
18,985;0,000
18,995;0,000
19,005;0,000
19,015;0,000
19,025;0,000
19,035;0,000
19,045;0,000
19,055;0,000
19,065;0,000
19,075;0,000
19,085;0,000
19,095;0,000
19,105;0,000
19,115;0,000
19,125;0,000
19,135;0,000
19,145;0,000
19,155;0,000
19,165;0,000
19,175;0,000
19,185;0,000
19,195;0,000
19,205;0,000
19,215;0,000
19,225;1,000
19,235;0,000
19,245;0,000
19,255;0,000
19,265;0,000
19,275;0,000
19,285;0,000
19,295;0,000
19,305;0,000
19,315;0,000
19,325;0,000
19,335;0,000
19,345;0,000
19,355;0,000
19,365;0,000
19,375;0,000
19,385;0,000
19,395;0,000
19,405;0,000
19,415;0,000
19,425;0,000
19,435;0,000
19,445;0,000
19,455;0,000
19,465;0,000
19,475;0,000
19,485;0,000
19,495;0,000
19,505;0,000
19,515;0,000
19,525;0,000
19,535;0,000
19,545;0,000
19,555;0,000
19,565;0,000
19,575;0,000
19,585;0,000
19,595;0,000
19,605;0,000
19,615;0,000
19,625;0,000
19,635;0,000
19,645;0,000
19,655;0,000
19,665;0,000
19,675;0,000
19,685;0,000
19,695;0,000
19,705;0,000
19,715;0,000
19,725;0,000
19,735;0,000
19,745;0,000
19,755;0,000
19,765;0,000
19,775;0,000
19,785;0,000
19,795;1,000
19,805;1,000
19,815;0,000
19,825;0,000
19,835;0,000
19,845;0,000
19,855;0,000
19,865;0,000
19,875;0,000
19,885;0,000
19,895;1,000
19,905;0,000
19,915;0,000
19,925;43,000
19,935;0,000
19,945;1,000
19,955;0,000
19,965;0,000
19,975;0,000
19,985;0,000
19,995;9,000
