0,005;0,000
0,015;0,000
0,025;0,000
0,035;0,000
0,045;0,000
0,055;0,000
0,065;0,000
0,075;0,000
0,085;0,000
0,095;0,000
0,105;0,000
0,115;0,000
0,125;0,000
0,135;0,000
0,145;0,000
0,155;0,000
0,165;0,000
0,175;0,000
0,185;0,000
0,195;0,000
0,205;0,000
0,215;0,000
0,225;0,000
0,235;0,000
0,245;0,000
0,255;0,000
0,265;0,000
0,275;0,000
0,285;0,000
0,295;0,000
0,305;0,000
0,315;0,000
0,325;0,000
0,335;0,000
0,345;0,000
0,355;0,000
0,365;0,000
0,375;0,000
0,385;0,000
0,395;0,000
0,405;0,000
0,415;0,000
0,425;0,000
0,435;0,000
0,445;0,000
0,455;0,000
0,465;0,000
0,475;0,000
0,485;0,000
0,495;0,000
0,505;0,000
0,515;0,000
0,525;0,000
0,535;0,000
0,545;0,000
0,555;0,000
0,565;0,000
0,575;0,000
0,585;0,000
0,595;0,000
0,605;0,000
0,615;0,000
0,625;0,000
0,635;0,000
0,645;0,000
0,655;0,000
0,665;0,000
0,675;0,000
0,685;0,000
0,695;0,000
0,705;0,000
0,715;0,000
0,725;0,000
0,735;0,000
0,745;0,000
0,755;0,000
0,765;0,000
0,775;0,000
0,785;0,000
0,795;0,000
0,805;0,000
0,815;0,000
0,825;0,000
0,835;0,000
0,845;0,000
0,855;0,000
0,865;0,000
0,875;0,000
0,885;0,000
0,895;0,000
0,905;0,000
0,915;0,000
0,925;0,000
0,935;0,000
0,945;0,000
0,955;0,000
0,965;0,000
0,975;0,000
0,985;0,000
0,995;1,000
1,005;0,000
1,015;1,000
1,025;0,000
1,035;0,000
1,045;1,000
1,055;2,000
1,065;1,000
1,075;1,000
1,085;1,000
1,095;8,000
1,105;29,000
1,115;177,000
1,125;434,000
1,135;548,000
1,145;507,000
1,155;538,000
1,165;520,000
1,175;525,000
1,185;545,000
1,195;510,000
1,205;453,000
1,215;502,000
1,225;494,000
1,235;518,000
1,245;451,000
1,255;502,000
1,265;435,000
1,275;477,000
1,285;478,000
1,295;452,000
1,305;426,000
1,315;423,000
1,325;478,000
1,335;491,000
1,345;452,000
1,355;467,000
1,365;444,000
1,375;474,000
1,385;432,000
1,395;477,000
1,405;479,000
1,415;522,000
1,425;468,000
1,435;477,000
1,445;473,000
1,455;449,000
1,465;463,000
1,475;479,000
1,485;509,000
1,495;461,000
1,505;425,000
1,515;471,000
1,525;487,000
1,535;444,000
1,545;459,000
1,555;491,000
1,565;457,000
1,575;490,000
1,585;492,000
1,595;443,000
1,605;412,000
1,615;454,000
1,625;450,000
1,635;482,000
1,645;478,000
1,655;442,000
1,665;453,000
1,675;463,000
1,685;440,000
1,695;445,000
1,705;465,000
1,715;453,000
1,725;495,000
1,735;451,000
1,745;482,000
1,755;463,000
1,765;463,000
1,775;506,000
1,785;550,000
1,795;501,000
1,805;387,000
1,815;472,000
1,825;517,000
1,835;498,000
1,845;458,000
1,855;496,000
1,865;526,000
1,875;493,000
1,885;530,000
1,895;497,000
1,905;515,000
1,915;482,000
1,925;541,000
1,935;520,000
1,945;497,000
1,955;553,000
1,965;579,000
1,975;550,000
1,985;525,000
1,995;563,000
2,005;564,000
2,015;534,000
2,025;571,000
2,035;572,000
2,045;580,000
2,055;624,000
2,065;572,000
2,075;599,000
2,085;619,000
2,095;609,000
2,105;562,000
2,115;649,000
2,125;629,000
2,135;627,000
2,145;548,000
2,155;542,000
2,165;478,000
2,175;440,000
2,185;414,000
2,195;378,000
2,205;367,000
2,215;355,000
2,225;354,000
2,235;336,000
2,245;301,000
2,255;315,000
2,265;310,000
2,275;322,000
2,285;281,000
2,295;286,000
2,305;309,000
2,315;290,000
2,325;278,000
2,335;226,000
2,345;273,000
2,355;263,000
2,365;216,000
2,375;254,000
2,385;262,000
2,395;234,000
2,405;216,000
2,415;230,000
2,425;243,000
2,435;220,000
2,445;210,000
2,455;228,000
2,465;210,000
2,475;196,000
2,485;189,000
2,495;204,000
2,505;210,000
2,515;185,000
2,525;169,000
2,535;173,000
2,545;204,000
2,555;180,000
2,565;164,000
2,575;174,000
2,585;165,000
2,595;147,000
2,605;154,000
2,615;179,000
2,625;150,000
2,635;171,000
2,645;157,000
2,655;154,000
2,665;132,000
2,675;153,000
2,685;153,000
2,695;129,000
2,705;117,000
2,715;157,000
2,725;162,000
2,735;145,000
2,745;147,000
2,755;138,000
2,765;142,000
2,775;166,000
2,785;128,000
2,795;133,000
2,805;131,000
2,815;126,000
2,825;127,000
2,835;134,000
2,845;128,000
2,855;128,000
2,865;132,000
2,875;137,000
2,885;141,000
2,895;129,000
2,905;118,000
2,915;133,000
2,925;143,000
2,935;115,000
2,945;125,000
2,955;135,000
2,965;121,000
2,975;119,000
2,985;137,000
2,995;123,000
3,005;114,000
3,015;134,000
3,025;142,000
3,035;127,000
3,045;125,000
3,055;116,000
3,065;115,000
3,075;143,000
3,085;127,000
3,095;130,000
3,105;129,000
3,115;142,000
3,125;133,000
3,135;134,000
3,145;144,000
3,155;124,000
3,165;129,000
3,175;151,000
3,185;219,000
3,195;1114,000
3,205;4980,000
3,215;10468,000
3,225;9066,000
3,235;3858,000
3,245;970,000
3,255;320,000
3,265;161,000
3,275;177,000
3,285;138,000
3,295;116,000
3,305;86,000
3,315;102,000
3,325;118,000
3,335;104,000
3,345;103,000
3,355;135,000
3,365;90,000
3,375;103,000
3,385;90,000
3,395;82,000
3,405;87,000
3,415;74,000
3,425;77,000
3,435;87,000
3,445;100,000
3,455;89,000
3,465;63,000
3,475;72,000
3,485;79,000
3,495;81,000
3,505;75,000
3,515;98,000
3,525;84,000
3,535;76,000
3,545;89,000
3,555;77,000
3,565;66,000
3,575;77,000
3,585;79,000
3,595;78,000
3,605;76,000
3,615;78,000
3,625;78,000
3,635;84,000
3,645;64,000
3,655;79,000
3,665;95,000
3,675;71,000
3,685;64,000
3,695;71,000
3,705;83,000
3,715;70,000
3,725;74,000
3,735;86,000
3,745;80,000
3,755;78,000
3,765;80,000
3,775;79,000
3,785;78,000
3,795;75,000
3,805;81,000
3,815;69,000
3,825;83,000
3,835;60,000
3,845;62,000
3,855;81,000
3,865;74,000
3,875;68,000
3,885;62,000
3,895;82,000
3,905;88,000
3,915;76,000
3,925;90,000
3,935;73,000
3,945;55,000
3,955;75,000
3,965;76,000
3,975;85,000
3,985;73,000
3,995;86,000
4,005;68,000
4,015;96,000
4,025;65,000
4,035;74,000
4,045;59,000
4,055;65,000
4,065;59,000
4,075;71,000
4,085;72,000
4,095;59,000
4,105;68,000
4,115;73,000
4,125;88,000
4,135;72,000
4,145;66,000
4,155;65,000
4,165;64,000
4,175;69,000
4,185;79,000
4,195;79,000
4,205;58,000
4,215;62,000
4,225;71,000
4,235;50,000
4,245;56,000
4,255;68,000
4,265;76,000
4,275;74,000
4,285;73,000
4,295;79,000
4,305;78,000
4,315;77,000
4,325;70,000
4,335;64,000
4,345;60,000
4,355;81,000
4,365;60,000
4,375;69,000
4,385;86,000
4,395;91,000
4,405;85,000
4,415;60,000
4,425;77,000
4,435;57,000
4,445;65,000
4,455;78,000
4,465;68,000
4,475;82,000
4,485;74,000
4,495;82,000
4,505;54,000
4,515;78,000
4,525;73,000
4,535;72,000
4,545;65,000
4,555;64,000
4,565;83,000
4,575;72,000
4,585;65,000
4,595;71,000
4,605;78,000
4,615;73,000
4,625;66,000
4,635;76,000
4,645;87,000
4,655;53,000
4,665;70,000
4,675;70,000
4,685;80,000
4,695;55,000
4,705;68,000
4,715;61,000
4,725;84,000
4,735;77,000
4,745;57,000
4,755;70,000
4,765;68,000
4,775;78,000
4,785;99,000
4,795;78,000
4,805;52,000
4,815;66,000
4,825;88,000
4,835;77,000
4,845;68,000
4,855;51,000
4,865;57,000
4,875;58,000
4,885;75,000
4,895;58,000
4,905;64,000
4,915;65,000
4,925;64,000
4,935;78,000
4,945;77,000
4,955;62,000
4,965;82,000
4,975;70,000
4,985;77,000
4,995;65,000
5,005;82,000
5,015;67,000
5,025;63,000
5,035;77,000
5,045;74,000
5,055;73,000
5,065;73,000
5,075;68,000
5,085;84,000
5,095;76,000
5,105;65,000
5,115;58,000
5,125;69,000
5,135;68,000
5,145;69,000
5,155;67,000
5,165;62,000
5,175;74,000
5,185;67,000
5,195;87,000
5,205;67,000
5,215;69,000
5,225;74,000
5,235;66,000
5,245;81,000
5,255;77,000
5,265;69,000
5,275;85,000
5,285;62,000
5,295;74,000
5,305;69,000
5,315;78,000
5,325;73,000
5,335;77,000
5,345;86,000
5,355;96,000
5,365;60,000
5,375;59,000
5,385;65,000
5,395;77,000
5,405;71,000
5,415;72,000
5,425;69,000
5,435;82,000
5,445;75,000
5,455;96,000
5,465;84,000
5,475;70,000
5,485;72,000
5,495;75,000
5,505;62,000
5,515;68,000
5,525;93,000
5,535;87,000
5,545;72,000
5,555;71,000
5,565;80,000
5,575;70,000
5,585;78,000
5,595;88,000
5,605;71,000
5,615;77,000
5,625;84,000
5,635;78,000
5,645;77,000
5,655;76,000
5,665;86,000
5,675;74,000
5,685;102,000
5,695;92,000
5,705;69,000
5,715;81,000
5,725;72,000
5,735;85,000
5,745;90,000
5,755;64,000
5,765;87,000
5,775;91,000
5,785;95,000
5,795;92,000
5,805;90,000
5,815;98,000
5,825;75,000
5,835;104,000
5,845;96,000
5,855;70,000
5,865;72,000
5,875;76,000
5,885;101,000
5,895;92,000
5,905;82,000
5,915;87,000
5,925;101,000
5,935;88,000
5,945;81,000
5,955;97,000
5,965;65,000
5,975;80,000
5,985;96,000
5,995;120,000
6,005;86,000
6,015;101,000
6,025;100,000
6,035;108,000
6,045;104,000
6,055;104,000
6,065;107,000
6,075;108,000
6,085;101,000
6,095;98,000
6,105;118,000
6,115;101,000
6,125;96,000
6,135;100,000
6,145;103,000
6,155;102,000
6,165;96,000
6,175;120,000
6,185;116,000
6,195;104,000
6,205;117,000
6,215;91,000
6,225;120,000
6,235;111,000
6,245;101,000
6,255;111,000
6,265;116,000
6,275;116,000
6,285;134,000
6,295;127,000
6,305;118,000
6,315;111,000
6,325;134,000
6,335;110,000
6,345;129,000
6,355;112,000
6,365;135,000
6,375;124,000
6,385;118,000
6,395;125,000
6,405;132,000
6,415;130,000
6,425;113,000
6,435;115,000
6,445;143,000
6,455;144,000
6,465;135,000
6,475;124,000
6,485;134,000
6,495;129,000
6,505;136,000
6,515;127,000
6,525;136,000
6,535;142,000
6,545;136,000
6,555;161,000
6,565;139,000
6,575;137,000
6,585;149,000
6,595;135,000
6,605;115,000
6,615;132,000
6,625;131,000
6,635;118,000
6,645;104,000
6,655;98,000
6,665;88,000
6,675;92,000
6,685;76,000
6,695;70,000
6,705;80,000
6,715;74,000
6,725;67,000
6,735;73,000
6,745;69,000
6,755;58,000
6,765;69,000
6,775;76,000
6,785;74,000
6,795;72,000
6,805;69,000
6,815;66,000
6,825;76,000
6,835;69,000
6,845;73,000
6,855;69,000
6,865;74,000
6,875;54,000
6,885;75,000
6,895;55,000
6,905;63,000
6,915;69,000
6,925;68,000
6,935;64,000
6,945;69,000
6,955;67,000
6,965;58,000
6,975;58,000
6,985;68,000
6,995;54,000
7,005;61,000
7,015;46,000
7,025;43,000
7,035;42,000
7,045;42,000
7,055;47,000
7,065;58,000
7,075;49,000
7,085;57,000
7,095;56,000
7,105;49,000
7,115;56,000
7,125;42,000
7,135;38,000
7,145;49,000
7,155;48,000
7,165;45,000
7,175;37,000
7,185;42,000
7,195;33,000
7,205;34,000
7,215;26,000
7,225;49,000
7,235;33,000
7,245;23,000
7,255;31,000
7,265;35,000
7,275;26,000
7,285;25,000
7,295;26,000
7,305;31,000
7,315;23,000
7,325;32,000
7,335;25,000
7,345;29,000
7,355;21,000
7,365;20,000
7,375;19,000
7,385;30,000
7,395;19,000
7,405;12,000
7,415;23,000
7,425;13,000
7,435;16,000
7,445;20,000
7,455;22,000
7,465;19,000
7,475;27,000
7,485;14,000
7,495;18,000
7,505;24,000
7,515;13,000
7,525;27,000
7,535;17,000
7,545;17,000
7,555;19,000
7,565;19,000
7,575;13,000
7,585;12,000
7,595;25,000
7,605;13,000
7,615;27,000
7,625;19,000
7,635;16,000
7,645;11,000
7,655;17,000
7,665;22,000
7,675;23,000
7,685;21,000
7,695;16,000
7,705;13,000
7,715;15,000
7,725;18,000
7,735;12,000
7,745;16,000
7,755;13,000
7,765;15,000
7,775;10,000
7,785;15,000
7,795;15,000
7,805;13,000
7,815;14,000
7,825;17,000
7,835;15,000
7,845;9,000
7,855;17,000
7,865;22,000
7,875;17,000
7,885;11,000
7,895;13,000
7,905;28,000
7,915;51,000
7,925;199,000
7,935;1174,000
7,945;2664,000
7,955;1933,000
7,965;617,000
7,975;120,000
7,985;43,000
7,995;29,000
8,005;25,000
8,015;34,000
8,025;16,000
8,035;22,000
8,045;18,000
8,055;19,000
8,065;12,000
8,075;25,000
8,085;16,000
8,095;14,000
8,105;13,000
8,115;11,000
8,125;14,000
8,135;10,000
8,145;14,000
8,155;9,000
8,165;11,000
8,175;13,000
8,185;3,000
8,195;10,000
8,205;14,000
8,215;10,000
8,225;7,000
8,235;10,000
8,245;11,000
8,255;11,000
8,265;4,000
8,275;14,000
8,285;17,000
8,295;8,000
8,305;6,000
8,315;5,000
8,325;11,000
8,335;10,000
8,345;7,000
8,355;5,000
8,365;8,000
8,375;9,000
8,385;8,000
8,395;9,000
8,405;6,000
8,415;12,000
8,425;6,000
8,435;6,000
8,445;10,000
8,455;10,000
8,465;11,000
8,475;4,000
8,485;4,000
8,495;7,000
8,505;5,000
8,515;8,000
8,525;6,000
8,535;8,000
8,545;10,000
8,555;7,000
8,565;8,000
8,575;10,000
8,585;8,000
8,595;5,000
8,605;8,000
8,615;8,000
8,625;5,000
8,635;5,000
8,645;8,000
8,655;7,000
8,665;6,000
8,675;3,000
8,685;9,000
8,695;8,000
8,705;7,000
8,715;7,000
8,725;10,000
8,735;11,000
8,745;4,000
8,755;5,000
8,765;7,000
8,775;7,000
8,785;8,000
8,795;1,000
8,805;6,000
8,815;6,000
8,825;6,000
8,835;6,000
8,845;6,000
8,855;3,000
8,865;2,000
8,875;8,000
8,885;5,000
8,895;3,000
8,905;9,000
8,915;3,000
8,925;6,000
8,935;9,000
8,945;6,000
8,955;8,000
8,965;5,000
8,975;9,000
8,985;6,000
8,995;7,000
9,005;4,000
9,015;5,000
9,025;9,000
9,035;3,000
9,045;3,000
9,055;6,000
9,065;7,000
9,075;6,000
9,085;10,000
9,095;10,000
9,105;6,000
9,115;7,000
9,125;5,000
9,135;5,000
9,145;6,000
9,155;3,000
9,165;13,000
9,175;4,000
9,185;5,000
9,195;6,000
9,205;6,000
9,215;5,000
9,225;8,000
9,235;5,000
9,245;4,000
9,255;5,000
9,265;7,000
9,275;3,000
9,285;6,000
9,295;8,000
9,305;5,000
9,315;7,000
9,325;4,000
9,335;4,000
9,345;5,000
9,355;5,000
9,365;2,000
9,375;8,000
9,385;4,000
9,395;0,000
9,405;8,000
9,415;1,000
9,425;5,000
9,435;6,000
9,445;8,000
9,455;4,000
9,465;2,000
9,475;2,000
9,485;8,000
9,495;5,000
9,505;5,000
9,515;5,000
9,525;4,000
9,535;7,000
9,545;6,000
9,555;2,000
9,565;4,000
9,575;1,000
9,585;3,000
9,595;3,000
9,605;4,000
9,615;6,000
9,625;7,000
9,635;6,000
9,645;1,000
9,655;7,000
9,665;5,000
9,675;3,000
9,685;2,000
9,695;0,000
9,705;4,000
9,715;3,000
9,725;3,000
9,735;3,000
9,745;4,000
9,755;3,000
9,765;2,000
9,775;7,000
9,785;3,000
9,795;2,000
9,805;4,000
9,815;5,000
9,825;4,000
9,835;8,000
9,845;4,000
9,855;3,000
9,865;1,000
9,875;3,000
9,885;4,000
9,895;6,000
9,905;4,000
9,915;3,000
9,925;2,000
9,935;3,000
9,945;3,000
9,955;3,000
9,965;2,000
9,975;2,000
9,985;6,000
9,995;7,000
