0,005;0,000
0,015;0,000
0,025;0,000
0,035;0,000
0,045;0,000
0,055;0,000
0,065;0,000
0,075;0,000
0,085;0,000
0,095;0,000
0,105;0,000
0,115;0,000
0,125;0,000
0,135;0,000
0,145;0,000
0,155;0,000
0,165;0,000
0,175;0,000
0,185;0,000
0,195;0,000
0,205;0,000
0,215;0,000
0,225;0,000
0,235;0,000
0,245;0,000
0,255;0,000
0,265;0,000
0,275;0,000
0,285;0,000
0,295;0,000
0,305;0,000
0,315;0,000
0,325;0,000
0,335;0,000
0,345;0,000
0,355;0,000
0,365;0,000
0,375;0,000
0,385;0,000
0,395;0,000
0,405;0,000
0,415;0,000
0,425;0,000
0,435;0,000
0,445;0,000
0,455;0,000
0,465;0,000
0,475;0,000
0,485;0,000
0,495;0,000
0,505;0,000
0,515;0,000
0,525;0,000
0,535;0,000
0,545;0,000
0,555;0,000
0,565;0,000
0,575;0,000
0,585;0,000
0,595;0,000
0,605;0,000
0,615;0,000
0,625;0,000
0,635;0,000
0,645;0,000
0,655;0,000
0,665;0,000
0,675;0,000
0,685;0,000
0,695;0,000
0,705;0,000
0,715;0,000
0,725;0,000
0,735;0,000
0,745;0,000
0,755;0,000
0,765;0,000
0,775;0,000
0,785;0,000
0,795;0,000
0,805;0,000
0,815;0,000
0,825;0,000
0,835;0,000
0,845;0,000
0,855;0,000
0,865;0,000
0,875;0,000
0,885;0,000
0,895;0,000
0,905;0,000
0,915;0,000
0,925;0,000
0,935;0,000
0,945;0,000
0,955;0,000
0,965;0,000
0,975;0,000
0,985;0,000
0,995;1,000
1,005;1,000
1,015;6,000
1,025;40,000
1,035;152,000
1,045;140,000
1,055;159,000
1,065;146,000
1,075;136,000
1,085;168,000
1,095;152,000
1,105;149,000
1,115;153,000
1,125;140,000
1,135;157,000
1,145;150,000
1,155;145,000
1,165;143,000
1,175;151,000
1,185;168,000
1,195;169,000
1,205;140,000
1,215;166,000
1,225;146,000
1,235;169,000
1,245;152,000
1,255;159,000
1,265;168,000
1,275;143,000
1,285;159,000
1,295;131,000
1,305;131,000
1,315;140,000
1,325;152,000
1,335;137,000
1,345;171,000
1,355;138,000
1,365;158,000
1,375;137,000
1,385;143,000
1,395;127,000
1,405;130,000
1,415;138,000
1,425;139,000
1,435;138,000
1,445;139,000
1,455;138,000
1,465;120,000
1,475;113,000
1,485;161,000
1,495;168,000
1,505;127,000
1,515;153,000
1,525;136,000
1,535;137,000
1,545;138,000
1,555;136,000
1,565;152,000
1,575;128,000
1,585;131,000
1,595;130,000
1,605;124,000
1,615;118,000
1,625;137,000
1,635;130,000
1,645;138,000
1,655;146,000
1,665;124,000
1,675;126,000
1,685;141,000
1,695;137,000
1,705;127,000
1,715;128,000
1,725;128,000
1,735;126,000
1,745;136,000
1,755;129,000
1,765;142,000
1,775;132,000
1,785;139,000
1,795;168,000
1,805;112,000
1,815;141,000
1,825;135,000
1,835;143,000
1,845;118,000
1,855;106,000
1,865;149,000
1,875;137,000
1,885;146,000
1,895;128,000
1,905;148,000
1,915;120,000
1,925;122,000
1,935;128,000
1,945;134,000
1,955;136,000
1,965;120,000
1,975;147,000
1,985;147,000
1,995;139,000
2,005;125,000
2,015;142,000
2,025;139,000
2,035;130,000
2,045;132,000
2,055;142,000
2,065;122,000
2,075;141,000
2,085;140,000
2,095;112,000
2,105;116,000
2,115;162,000
2,125;145,000
2,135;129,000
2,145;138,000
2,155;120,000
2,165;127,000
2,175;138,000
2,185;128,000
2,195;139,000
2,205;142,000
2,215;134,000
2,225;158,000
2,235;150,000
2,245;149,000
2,255;119,000
2,265;122,000
2,275;124,000
2,285;140,000
2,295;126,000
2,305;123,000
2,315;118,000
2,325;138,000
2,335;130,000
2,345;140,000
2,355;145,000
2,365;125,000
2,375;132,000
2,385;151,000
2,395;152,000
2,405;104,000
2,415;145,000
2,425;132,000
2,435;153,000
2,445;128,000
2,455;145,000
2,465;150,000
2,475;152,000
2,485;156,000
2,495;138,000
2,505;136,000
2,515;151,000
2,525;144,000
2,535;128,000
2,545;143,000
2,555;143,000
2,565;153,000
2,575;170,000
2,585;161,000
2,595;142,000
2,605;155,000
2,615;170,000
2,625;136,000
2,635;153,000
2,645;173,000
2,655;158,000
2,665;163,000
2,675;166,000
2,685;167,000
2,695;168,000
2,705;167,000
2,715;146,000
2,725;172,000
2,735;179,000
2,745;167,000
2,755;212,000
2,765;175,000
2,775;206,000
2,785;187,000
2,795;170,000
2,805;170,000
2,815;196,000
2,825;189,000
2,835;216,000
2,845;189,000
2,855;158,000
2,865;217,000
2,875;197,000
2,885;185,000
2,895;193,000
2,905;208,000
2,915;207,000
2,925;204,000
2,935;190,000
2,945;204,000
2,955;208,000
2,965;209,000
2,975;200,000
2,985;202,000
2,995;180,000
3,005;156,000
3,015;175,000
3,025;150,000
3,035;146,000
3,045;107,000
3,055;121,000
3,065;124,000
3,075;100,000
3,085;112,000
3,095;106,000
3,105;119,000
3,115;97,000
3,125;92,000
3,135;102,000
3,145;93,000
3,155;98,000
3,165;84,000
3,175;78,000
3,185;81,000
3,195;98,000
3,205;73,000
3,215;93,000
3,225;93,000
3,235;89,000
3,245;78,000
3,255;87,000
3,265;86,000
3,275;98,000
3,285;74,000
3,295;63,000
3,305;62,000
3,315;82,000
3,325;77,000
3,335;54,000
3,345;53,000
3,355;53,000
3,365;56,000
3,375;55,000
3,385;67,000
3,395;73,000
3,405;50,000
3,415;55,000
3,425;58,000
3,435;54,000
3,445;52,000
3,455;48,000
3,465;42,000
3,475;57,000
3,485;45,000
3,495;34,000
3,505;49,000
3,515;38,000
3,525;46,000
3,535;36,000
3,545;36,000
3,555;39,000
3,565;26,000
3,575;43,000
3,585;27,000
3,595;37,000
3,605;29,000
3,615;39,000
3,625;33,000
3,635;29,000
3,645;42,000
3,655;50,000
3,665;33,000
3,675;46,000
3,685;31,000
3,695;34,000
3,705;35,000
3,715;38,000
3,725;24,000
3,735;33,000
3,745;31,000
3,755;34,000
3,765;39,000
3,775;22,000
3,785;34,000
3,795;33,000
3,805;35,000
3,815;30,000
3,825;37,000
3,835;32,000
3,845;40,000
3,855;26,000
3,865;38,000
3,875;21,000
3,885;29,000
3,895;35,000
3,905;24,000
3,915;26,000
3,925;33,000
3,935;27,000
3,945;23,000
3,955;25,000
3,965;23,000
3,975;31,000
3,985;28,000
3,995;21,000
4,005;29,000
4,015;25,000
4,025;25,000
4,035;27,000
4,045;26,000
4,055;17,000
4,065;22,000
4,075;24,000
4,085;26,000
4,095;21,000
4,105;24,000
4,115;33,000
4,125;51,000
4,135;682,000
4,145;3555,000
4,155;4974,000
4,165;1667,000
4,175;380,000
4,185;45,000
4,195;14,000
4,205;4,000
4,215;7,000
4,225;6,000
4,235;2,000
4,245;4,000
4,255;5,000
4,265;6,000
4,275;1,000
4,285;0,000
4,295;7,000
4,305;4,000
4,315;4,000
4,325;3,000
4,335;2,000
4,345;7,000
4,355;4,000
4,365;2,000
4,375;3,000
4,385;4,000
4,395;3,000
4,405;4,000
4,415;10,000
4,425;4,000
4,435;3,000
4,445;1,000
4,455;1,000
4,465;1,000
4,475;2,000
4,485;8,000
4,495;4,000
4,505;2,000
4,515;2,000
4,525;1,000
4,535;3,000
4,545;3,000
4,555;0,000
4,565;1,000
4,575;2,000
4,585;1,000
4,595;2,000
4,605;1,000
4,615;2,000
4,625;1,000
4,635;5,000
4,645;2,000
4,655;2,000
4,665;5,000
4,675;2,000
4,685;2,000
4,695;0,000
4,705;1,000
4,715;2,000
4,725;2,000
4,735;1,000
4,745;2,000
4,755;2,000
4,765;0,000
4,775;5,000
4,785;1,000
4,795;0,000
4,805;3,000
4,815;3,000
4,825;0,000
4,835;1,000
4,845;3,000
4,855;1,000
4,865;3,000
4,875;1,000
4,885;0,000
4,895;6,000
4,905;2,000
4,915;1,000
4,925;1,000
4,935;3,000
4,945;1,000
4,955;1,000
4,965;2,000
4,975;3,000
4,985;0,000
4,995;2,000
5,005;3,000
5,015;4,000
5,025;2,000
5,035;2,000
5,045;4,000
5,055;4,000
5,065;1,000
5,075;2,000
5,085;0,000
5,095;2,000
5,105;0,000
5,115;1,000
5,125;3,000
5,135;5,000
5,145;2,000
5,155;0,000
5,165;4,000
5,175;2,000
5,185;5,000
5,195;0,000
5,205;2,000
5,215;4,000
5,225;4,000
5,235;1,000
5,245;0,000
5,255;4,000
5,265;3,000
5,275;2,000
5,285;0,000
5,295;2,000
5,305;1,000
5,315;0,000
5,325;2,000
5,335;3,000
5,345;3,000
5,355;1,000
5,365;1,000
5,375;0,000
5,385;1,000
5,395;2,000
5,405;1,000
5,415;6,000
5,425;2,000
5,435;1,000
5,445;2,000
5,455;1,000
5,465;1,000
5,475;1,000
5,485;2,000
5,495;0,000
5,505;2,000
5,515;2,000
5,525;2,000
5,535;0,000
5,545;2,000
5,555;0,000
5,565;2,000
5,575;4,000
5,585;1,000
5,595;0,000
5,605;1,000
5,615;1,000
5,625;0,000
5,635;2,000
5,645;0,000
5,655;2,000
5,665;0,000
5,675;1,000
5,685;2,000
5,695;4,000
5,705;3,000
5,715;4,000
5,725;2,000
5,735;2,000
5,745;1,000
5,755;0,000
5,765;1,000
5,775;1,000
5,785;0,000
5,795;1,000
5,805;0,000
5,815;0,000
5,825;1,000
5,835;1,000
5,845;0,000
5,855;0,000
5,865;0,000
5,875;2,000
5,885;0,000
5,895;1,000
5,905;1,000
5,915;1,000
5,925;1,000
5,935;4,000
5,945;1,000
5,955;0,000
5,965;2,000
5,975;0,000
5,985;2,000
5,995;1,000
6,005;1,000
6,015;3,000
6,025;3,000
6,035;1,000
6,045;2,000
6,055;0,000
6,065;0,000
6,075;1,000
6,085;3,000
6,095;0,000
6,105;1,000
6,115;0,000
6,125;2,000
6,135;1,000
6,145;1,000
6,155;1,000
6,165;1,000
6,175;0,000
6,185;2,000
6,195;2,000
6,205;0,000
6,215;3,000
6,225;0,000
6,235;0,000
6,245;1,000
6,255;1,000
6,265;0,000
6,275;2,000
6,285;0,000
6,295;0,000
6,305;0,000
6,315;1,000
6,325;0,000
6,335;1,000
6,345;1,000
6,355;0,000
6,365;0,000
6,375;2,000
6,385;2,000
6,395;0,000
6,405;1,000
6,415;3,000
6,425;0,000
6,435;2,000
6,445;2,000
6,455;0,000
6,465;2,000
6,475;0,000
6,485;0,000
6,495;2,000
6,505;0,000
6,515;3,000
6,525;1,000
6,535;1,000
6,545;3,000
6,555;1,000
6,565;1,000
6,575;1,000
6,585;1,000
6,595;0,000
6,605;1,000
6,615;0,000
6,625;0,000
6,635;1,000
6,645;1,000
6,655;1,000
6,665;1,000
6,675;1,000
6,685;1,000
6,695;1,000
6,705;0,000
6,715;2,000
6,725;1,000
6,735;0,000
6,745;1,000
6,755;0,000
6,765;0,000
6,775;1,000
6,785;0,000
6,795;0,000
6,805;3,000
6,815;1,000
6,825;0,000
6,835;2,000
6,845;0,000
6,855;1,000
6,865;1,000
6,875;0,000
6,885;0,000
6,895;3,000
6,905;1,000
6,915;1,000
6,925;2,000
6,935;3,000
6,945;0,000
6,955;3,000
6,965;2,000
6,975;1,000
6,985;2,000
6,995;4,000
7,005;1,000
7,015;2,000
7,025;2,000
7,035;0,000
7,045;0,000
7,055;2,000
7,065;0,000
7,075;2,000
7,085;0,000
7,095;0,000
7,105;0,000
7,115;1,000
7,125;2,000
7,135;0,000
7,145;1,000
7,155;0,000
7,165;1,000
7,175;2,000
7,185;2,000
7,195;0,000
7,205;0,000
7,215;0,000
7,225;2,000
7,235;2,000
7,245;0,000
7,255;1,000
7,265;0,000
7,275;1,000
7,285;1,000
7,295;0,000
7,305;2,000
7,315;4,000
7,325;0,000
7,335;3,000
7,345;0,000
7,355;2,000
7,365;1,000
7,375;1,000
7,385;1,000
7,395;0,000
7,405;0,000
7,415;0,000
7,425;0,000
7,435;0,000
7,445;0,000
7,455;0,000
7,465;0,000
7,475;0,000
7,485;0,000
7,495;1,000
7,505;1,000
7,515;1,000
7,525;3,000
7,535;2,000
7,545;0,000
7,555;1,000
7,565;2,000
7,575;2,000
7,585;2,000
7,595;0,000
7,605;0,000
7,615;0,000
7,625;1,000
7,635;2,000
7,645;0,000
7,655;0,000
7,665;1,000
7,675;2,000
7,685;3,000
7,695;0,000
7,705;1,000
7,715;2,000
7,725;0,000
7,735;1,000
7,745;0,000
7,755;0,000
7,765;2,000
7,775;1,000
7,785;2,000
7,795;2,000
7,805;0,000
7,815;0,000
7,825;0,000
7,835;0,000
7,845;0,000
7,855;1,000
7,865;0,000
7,875;1,000
7,885;1,000
7,895;0,000
7,905;0,000
7,915;2,000
7,925;2,000
7,935;1,000
7,945;1,000
7,955;0,000
7,965;1,000
7,975;4,000
7,985;1,000
7,995;0,000
8,005;0,000
8,015;1,000
8,025;1,000
8,035;1,000
8,045;0,000
8,055;0,000
8,065;1,000
8,075;1,000
8,085;1,000
8,095;0,000
8,105;0,000
8,115;0,000
8,125;0,000
8,135;1,000
8,145;1,000
8,155;0,000
8,165;0,000
8,175;0,000
8,185;0,000
8,195;0,000
8,205;0,000
8,215;1,000
8,225;0,000
8,235;2,000
8,245;2,000
8,255;1,000
8,265;0,000
8,275;0,000
8,285;1,000
8,295;0,000
8,305;0,000
8,315;0,000
8,325;1,000
8,335;2,000
8,345;1,000
8,355;0,000
8,365;0,000
8,375;1,000
8,385;1,000
8,395;2,000
8,405;1,000
8,415;0,000
8,425;0,000
8,435;1,000
8,445;0,000
8,455;0,000
8,465;0,000
8,475;0,000
8,485;1,000
8,495;0,000
8,505;1,000
8,515;0,000
8,525;0,000
8,535;0,000
8,545;0,000
8,555;0,000
8,565;0,000
8,575;0,000
8,585;0,000
8,595;0,000
8,605;0,000
8,615;2,000
8,625;0,000
8,635;1,000
8,645;1,000
8,655;0,000
8,665;1,000
8,675;0,000
8,685;1,000
8,695;1,000
8,705;1,000
8,715;0,000
8,725;0,000
8,735;1,000
8,745;0,000
8,755;0,000
8,765;1,000
8,775;0,000
8,785;0,000
8,795;0,000
8,805;0,000
8,815;0,000
8,825;0,000
8,835;0,000
8,845;1,000
8,855;0,000
8,865;0,000
8,875;0,000
8,885;0,000
8,895;1,000
8,905;0,000
8,915;0,000
8,925;0,000
8,935;0,000
8,945;0,000
8,955;0,000
8,965;1,000
8,975;0,000
8,985;0,000
8,995;0,000
9,005;0,000
9,015;0,000
9,025;0,000
9,035;0,000
9,045;0,000
9,055;0,000
9,065;1,000
9,075;2,000
9,085;8,000
9,095;8,000
9,105;8,000
9,115;1,000
9,125;0,000
9,135;0,000
9,145;0,000
9,155;0,000
9,165;1,000
9,175;0,000
9,185;0,000
9,195;1,000
9,205;0,000
9,215;0,000
9,225;0,000
9,235;0,000
9,245;0,000
9,255;0,000
9,265;0,000
9,275;0,000
9,285;0,000
9,295;0,000
9,305;0,000
9,315;0,000
9,325;0,000
9,335;1,000
9,345;0,000
9,355;0,000
9,365;0,000
9,375;0,000
9,385;0,000
9,395;0,000
9,405;1,000
9,415;0,000
9,425;2,000
9,435;1,000
9,445;0,000
9,455;0,000
9,465;1,000
9,475;0,000
9,485;0,000
9,495;0,000
9,505;0,000
9,515;1,000
9,525;0,000
9,535;0,000
9,545;1,000
9,555;0,000
9,565;0,000
9,575;0,000
9,585;0,000
9,595;0,000
9,605;0,000
9,615;0,000
9,625;0,000
9,635;0,000
9,645;0,000
9,655;0,000
9,665;0,000
9,675;0,000
9,685;0,000
9,695;0,000
9,705;0,000
9,715;0,000
9,725;0,000
9,735;0,000
9,745;0,000
9,755;0,000
9,765;0,000
9,775;0,000
9,785;1,000
9,795;0,000
9,805;0,000
9,815;0,000
9,825;0,000
9,835;0,000
9,845;0,000
9,855;0,000
9,865;0,000
9,875;0,000
9,885;1,000
9,895;0,000
9,905;1,000
9,915;1,000
9,925;1,000
9,935;1,000
9,945;0,000
9,955;7,000
9,965;3,000
9,975;9,000
9,985;55,000
9,995;11,000
