0,005;0,000
0,015;0,000
0,025;0,000
0,035;0,000
0,045;0,000
0,055;0,000
0,065;0,000
0,075;0,000
0,085;0,000
0,095;0,000
0,105;0,000
0,115;0,000
0,125;0,000
0,135;0,000
0,145;0,000
0,155;0,000
0,165;0,000
0,175;0,000
0,185;0,000
0,195;0,000
0,205;0,000
0,215;0,000
0,225;0,000
0,235;0,000
0,245;0,000
0,255;0,000
0,265;0,000
0,275;0,000
0,285;0,000
0,295;0,000
0,305;0,000
0,315;0,000
0,325;0,000
0,335;0,000
0,345;0,000
0,355;0,000
0,365;0,000
0,375;0,000
0,385;0,000
0,395;0,000
0,405;0,000
0,415;0,000
0,425;0,000
0,435;0,000
0,445;0,000
0,455;0,000
0,465;0,000
0,475;0,000
0,485;0,000
0,495;0,000
0,505;0,000
0,515;0,000
0,525;0,000
0,535;0,000
0,545;0,000
0,555;0,000
0,565;0,000
0,575;0,000
0,585;0,000
0,595;0,000
0,605;0,000
0,615;0,000
0,625;0,000
0,635;0,000
0,645;0,000
0,655;0,000
0,665;0,000
0,675;0,000
0,685;0,000
0,695;0,000
0,705;0,000
0,715;0,000
0,725;0,000
0,735;0,000
0,745;0,000
0,755;0,000
0,765;0,000
0,775;0,000
0,785;0,000
0,795;0,000
0,805;0,000
0,815;0,000
0,825;0,000
0,835;0,000
0,845;0,000
0,855;0,000
0,865;0,000
0,875;0,000
0,885;0,000
0,895;0,000
0,905;0,000
0,915;0,000
0,925;0,000
0,935;0,000
0,945;0,000
0,955;0,000
0,965;0,000
0,975;0,000
0,985;1,000
0,995;0,000
1,005;1,000
1,015;33,000
1,025;78,000
1,035;107,000
1,045;121,000
1,055;105,000
1,065;96,000
1,075;109,000
1,085;108,000
1,095;112,000
1,105;107,000
1,115;91,000
1,125;98,000
1,135;97,000
1,145;91,000
1,155;124,000
1,165;118,000
1,175;119,000
1,185;119,000
1,195;140,000
1,205;112,000
1,215;121,000
1,225;114,000
1,235;118,000
1,245;125,000
1,255;118,000
1,265;115,000
1,275;92,000
1,285;117,000
1,295;101,000
1,305;102,000
1,315;92,000
1,325;103,000
1,335;88,000
1,345;103,000
1,355;94,000
1,365;105,000
1,375;98,000
1,385;91,000
1,395;78,000
1,405;74,000
1,415;108,000
1,425;105,000
1,435;75,000
1,445;77,000
1,455;72,000
1,465;86,000
1,475;83,000
1,485;92,000
1,495;95,000
1,505;83,000
1,515;75,000
1,525;97,000
1,535;101,000
1,545;101,000
1,555;77,000
1,565;83,000
1,575;93,000
1,585;95,000
1,595;103,000
1,605;88,000
1,615;86,000
1,625;85,000
1,635;83,000
1,645;77,000
1,655;92,000
1,665;77,000
1,675;86,000
1,685;91,000
1,695;81,000
1,705;77,000
1,715;68,000
1,725;86,000
1,735;62,000
1,745;89,000
1,755;73,000
1,765;70,000
1,775;104,000
1,785;76,000
1,795;66,000
1,805;71,000
1,815;96,000
1,825;85,000
1,835;85,000
1,845;100,000
1,855;73,000
1,865;96,000
1,875;79,000
1,885;79,000
1,895;86,000
1,905;76,000
1,915;75,000
1,925;73,000
1,935;71,000
1,945;71,000
1,955;83,000
1,965;76,000
1,975;65,000
1,985;71,000
1,995;73,000
2,005;66,000
2,015;75,000
2,025;71,000
2,035;86,000
2,045;83,000
2,055;88,000
2,065;63,000
2,075;92,000
2,085;71,000
2,095;74,000
2,105;79,000
2,115;86,000
2,125;83,000
2,135;91,000
2,145;74,000
2,155;75,000
2,165;66,000
2,175;75,000
2,185;88,000
2,195;72,000
2,205;83,000
2,215;79,000
2,225;57,000
2,235;71,000
2,245;90,000
2,255;78,000
2,265;82,000
2,275;91,000
2,285;75,000
2,295;84,000
2,305;63,000
2,315;62,000
2,325;75,000
2,335;75,000
2,345;78,000
2,355;80,000
2,365;87,000
2,375;89,000
2,385;84,000
2,395;81,000
2,405;79,000
2,415;85,000
2,425;89,000
2,435;78,000
2,445;79,000
2,455;72,000
2,465;75,000
2,475;71,000
2,485;78,000
2,495;83,000
2,505;80,000
2,515;80,000
2,525;76,000
2,535;78,000
2,545;86,000
2,555;86,000
2,565;83,000
2,575;82,000
2,585;85,000
2,595;95,000
2,605;82,000
2,615;87,000
2,625;95,000
2,635;86,000
2,645;105,000
2,655;103,000
2,665;88,000
2,675;79,000
2,685;87,000
2,695;79,000
2,705;99,000
2,715;90,000
2,725;98,000
2,735;86,000
2,745;87,000
2,755;88,000
2,765;78,000
2,775;92,000
2,785;92,000
2,795;90,000
2,805;103,000
2,815;108,000
2,825;102,000
2,835;102,000
2,845;112,000
2,855;114,000
2,865;98,000
2,875;95,000
2,885;107,000
2,895;116,000
2,905;92,000
2,915;97,000
2,925;117,000
2,935;109,000
2,945;116,000
2,955;111,000
2,965;90,000
2,975;97,000
2,985;121,000
2,995;105,000
3,005;78,000
3,015;90,000
3,025;92,000
3,035;78,000
3,045;59,000
3,055;55,000
3,065;51,000
3,075;55,000
3,085;59,000
3,095;54,000
3,105;65,000
3,115;54,000
3,125;59,000
3,135;50,000
3,145;47,000
3,155;44,000
3,165;42,000
3,175;56,000
3,185;47,000
3,195;46,000
3,205;51,000
3,215;37,000
3,225;52,000
3,235;54,000
3,245;42,000
3,255;44,000
3,265;36,000
3,275;29,000
3,285;33,000
3,295;42,000
3,305;37,000
3,315;38,000
3,325;37,000
3,335;36,000
3,345;33,000
3,355;34,000
3,365;31,000
3,375;43,000
3,385;42,000
3,395;31,000
3,405;32,000
3,415;28,000
3,425;23,000
3,435;28,000
3,445;21,000
3,455;29,000
3,465;27,000
3,475;22,000
3,485;24,000
3,495;29,000
3,505;25,000
3,515;23,000
3,525;19,000
3,535;36,000
3,545;37,000
3,555;22,000
3,565;28,000
3,575;26,000
3,585;21,000
3,595;23,000
3,605;18,000
3,615;19,000
3,625;28,000
3,635;26,000
3,645;14,000
3,655;23,000
3,665;21,000
3,675;30,000
3,685;9,000
3,695;12,000
3,705;22,000
3,715;18,000
3,725;17,000
3,735;20,000
3,745;19,000
3,755;23,000
3,765;25,000
3,775;27,000
3,785;17,000
3,795;14,000
3,805;13,000
3,815;24,000
3,825;20,000
3,835;19,000
3,845;13,000
3,855;16,000
3,865;12,000
3,875;22,000
3,885;28,000
3,895;15,000
3,905;15,000
3,915;21,000
3,925;22,000
3,935;9,000
3,945;19,000
3,955;18,000
3,965;13,000
3,975;20,000
3,985;21,000
3,995;18,000
4,005;20,000
4,015;22,000
4,025;29,000
4,035;25,000
4,045;12,000
4,055;17,000
4,065;24,000
4,075;18,000
4,085;12,000
4,095;23,000
4,105;17,000
4,115;17,000
4,125;36,000
4,135;256,000
4,145;1579,000
4,155;2173,000
4,165;875,000
4,175;183,000
4,185;12,000
4,195;2,000
4,205;3,000
4,215;5,000
4,225;2,000
4,235;2,000
4,245;3,000
4,255;3,000
4,265;1,000
4,275;5,000
4,285;4,000
4,295;1,000
4,305;3,000
4,315;5,000
4,325;1,000
4,335;2,000
4,345;1,000
4,355;0,000
4,365;3,000
4,375;2,000
4,385;1,000
4,395;1,000
4,405;3,000
4,415;2,000
4,425;3,000
4,435;6,000
4,445;1,000
4,455;1,000
4,465;3,000
4,475;3,000
4,485;1,000
4,495;1,000
4,505;1,000
4,515;1,000
4,525;0,000
4,535;1,000
4,545;1,000
4,555;0,000
4,565;1,000
4,575;3,000
4,585;1,000
4,595;2,000
4,605;2,000
4,615;0,000
4,625;1,000
4,635;2,000
4,645;2,000
4,655;1,000
4,665;4,000
4,675;1,000
4,685;1,000
4,695;1,000
4,705;1,000
4,715;2,000
4,725;0,000
4,735;2,000
4,745;0,000
4,755;1,000
4,765;1,000
4,775;0,000
4,785;4,000
4,795;0,000
4,805;1,000
4,815;1,000
4,825;4,000
4,835;2,000
4,845;1,000
4,855;0,000
4,865;0,000
4,875;2,000
4,885;0,000
4,895;1,000
4,905;0,000
4,915;3,000
4,925;1,000
4,935;1,000
4,945;5,000
4,955;3,000
4,965;1,000
4,975;1,000
4,985;0,000
4,995;1,000
5,005;3,000
5,015;3,000
5,025;2,000
5,035;2,000
5,045;0,000
5,055;2,000
5,065;2,000
5,075;0,000
5,085;3,000
5,095;1,000
5,105;0,000
5,115;2,000
5,125;2,000
5,135;3,000
5,145;0,000
5,155;1,000
5,165;0,000
5,175;2,000
5,185;2,000
5,195;0,000
5,205;0,000
5,215;2,000
5,225;4,000
5,235;0,000
5,245;2,000
5,255;1,000
5,265;1,000
5,275;1,000
5,285;3,000
5,295;1,000
5,305;1,000
5,315;0,000
5,325;0,000
5,335;1,000
5,345;2,000
5,355;2,000
5,365;1,000
5,375;1,000
5,385;1,000
5,395;0,000
5,405;0,000
5,415;3,000
5,425;1,000
5,435;2,000
5,445;1,000
5,455;0,000
5,465;1,000
5,475;0,000
5,485;2,000
5,495;1,000
5,505;1,000
5,515;1,000
5,525;2,000
5,535;0,000
5,545;1,000
5,555;0,000
5,565;1,000
5,575;1,000
5,585;1,000
5,595;3,000
5,605;3,000
5,615;2,000
5,625;0,000
5,635;1,000
5,645;1,000
5,655;4,000
5,665;1,000
5,675;0,000
5,685;1,000
5,695;3,000
5,705;2,000
5,715;0,000
5,725;1,000
5,735;1,000
5,745;0,000
5,755;1,000
5,765;1,000
5,775;1,000
5,785;1,000
5,795;1,000
5,805;1,000
5,815;1,000
5,825;1,000
5,835;1,000
5,845;1,000
5,855;1,000
5,865;2,000
5,875;0,000
5,885;0,000
5,895;3,000
5,905;2,000
5,915;3,000
5,925;2,000
5,935;1,000
5,945;0,000
5,955;1,000
5,965;0,000
5,975;0,000
5,985;1,000
5,995;2,000
6,005;0,000
6,015;2,000
6,025;0,000
6,035;1,000
6,045;0,000
6,055;5,000
6,065;3,000
6,075;3,000
6,085;1,000
6,095;1,000
6,105;0,000
6,115;1,000
6,125;1,000
6,135;0,000
6,145;2,000
6,155;2,000
6,165;2,000
6,175;1,000
6,185;1,000
6,195;1,000
6,205;0,000
6,215;0,000
6,225;2,000
6,235;0,000
6,245;1,000
6,255;1,000
6,265;0,000
6,275;0,000
6,285;0,000
6,295;1,000
6,305;0,000
6,315;2,000
6,325;1,000
6,335;1,000
6,345;0,000
6,355;3,000
6,365;0,000
6,375;1,000
6,385;1,000
6,395;1,000
6,405;1,000
6,415;1,000
6,425;1,000
6,435;2,000
6,445;0,000
6,455;3,000
6,465;0,000
6,475;1,000
6,485;0,000
6,495;1,000
6,505;1,000
6,515;1,000
6,525;0,000
6,535;0,000
6,545;0,000
6,555;1,000
6,565;0,000
6,575;1,000
6,585;1,000
6,595;1,000
6,605;1,000
6,615;2,000
6,625;0,000
6,635;2,000
6,645;0,000
6,655;0,000
6,665;0,000
6,675;1,000
6,685;2,000
6,695;0,000
6,705;1,000
6,715;0,000
6,725;2,000
6,735;1,000
6,745;1,000
6,755;1,000
6,765;1,000
6,775;1,000
6,785;0,000
6,795;0,000
6,805;0,000
6,815;1,000
6,825;0,000
6,835;1,000
6,845;0,000
6,855;1,000
6,865;1,000
6,875;1,000
6,885;4,000
6,895;1,000
6,905;1,000
6,915;0,000
6,925;1,000
6,935;0,000
6,945;2,000
6,955;2,000
6,965;1,000
6,975;0,000
6,985;2,000
6,995;6,000
7,005;0,000
7,015;1,000
7,025;0,000
7,035;0,000
7,045;1,000
7,055;2,000
7,065;1,000
7,075;0,000
7,085;0,000
7,095;0,000
7,105;3,000
7,115;0,000
7,125;1,000
7,135;0,000
7,145;0,000
7,155;0,000
7,165;1,000
7,175;0,000
7,185;2,000
7,195;1,000
7,205;2,000
7,215;1,000
7,225;0,000
7,235;1,000
7,245;1,000
7,255;3,000
7,265;0,000
7,275;1,000
7,285;0,000
7,295;2,000
7,305;2,000
7,315;1,000
7,325;3,000
7,335;0,000
7,345;1,000
7,355;0,000
7,365;1,000
7,375;0,000
7,385;0,000
7,395;2,000
7,405;1,000
7,415;2,000
7,425;0,000
7,435;1,000
7,445;0,000
7,455;0,000
7,465;0,000
7,475;1,000
7,485;0,000
7,495;2,000
7,505;1,000
7,515;2,000
7,525;2,000
7,535;0,000
7,545;2,000
7,555;2,000
7,565;0,000
7,575;2,000
7,585;0,000
7,595;2,000
7,605;1,000
7,615;1,000
7,625;0,000
7,635;2,000
7,645;0,000
7,655;0,000
7,665;0,000
7,675;0,000
7,685;1,000
7,695;1,000
7,705;0,000
7,715;1,000
7,725;4,000
7,735;1,000
7,745;3,000
7,755;2,000
7,765;0,000
7,775;0,000
7,785;1,000
7,795;2,000
7,805;0,000
7,815;0,000
7,825;2,000
7,835;0,000
7,845;0,000
7,855;0,000
7,865;0,000
7,875;1,000
7,885;1,000
7,895;2,000
7,905;1,000
7,915;0,000
7,925;0,000
7,935;1,000
7,945;0,000
7,955;0,000
7,965;0,000
7,975;1,000
7,985;2,000
7,995;2,000
8,005;0,000
8,015;0,000
8,025;1,000
8,035;0,000
8,045;2,000
8,055;0,000
8,065;1,000
8,075;1,000
8,085;2,000
8,095;0,000
8,105;0,000
8,115;0,000
8,125;0,000
8,135;1,000
8,145;0,000
8,155;1,000
8,165;2,000
8,175;0,000
8,185;1,000
8,195;1,000
8,205;1,000
8,215;0,000
8,225;0,000
8,235;0,000
8,245;1,000
8,255;1,000
8,265;1,000
8,275;0,000
8,285;1,000
8,295;0,000
8,305;0,000
8,315;0,000
8,325;0,000
8,335;1,000
8,345;0,000
8,355;0,000
8,365;0,000
8,375;1,000
8,385;2,000
8,395;1,000
8,405;0,000
8,415;0,000
8,425;2,000
8,435;0,000
8,445;0,000
8,455;0,000
8,465;0,000
8,475;0,000
8,485;1,000
8,495;0,000
8,505;0,000
8,515;1,000
8,525;0,000
8,535;0,000
8,545;1,000
8,555;1,000
8,565;0,000
8,575;0,000
8,585;0,000
8,595;1,000
8,605;1,000
8,615;0,000
8,625;0,000
8,635;0,000
8,645;0,000
8,655;0,000
8,665;0,000
8,675;0,000
8,685;0,000
8,695;0,000
8,705;0,000
8,715;0,000
8,725;1,000
8,735;0,000
8,745;0,000
8,755;1,000
8,765;0,000
8,775;0,000
8,785;0,000
8,795;0,000
8,805;0,000
8,815;0,000
8,825;0,000
8,835;0,000
8,845;0,000
8,855;0,000
8,865;0,000
8,875;0,000
8,885;0,000
8,895;2,000
8,905;0,000
8,915;0,000
8,925;2,000
8,935;0,000
8,945;0,000
8,955;0,000
8,965;1,000
8,975;0,000
8,985;0,000
8,995;0,000
9,005;1,000
9,015;0,000
9,025;2,000
9,035;0,000
9,045;1,000
9,055;0,000
9,065;1,000
9,075;1,000
9,085;8,000
9,095;20,000
9,105;6,000
9,115;3,000
9,125;0,000
9,135;0,000
9,145;1,000
9,155;0,000
9,165;0,000
9,175;0,000
9,185;0,000
9,195;0,000
9,205;0,000
9,215;0,000
9,225;0,000
9,235;0,000
9,245;1,000
9,255;0,000
9,265;0,000
9,275;1,000
9,285;0,000
9,295;0,000
9,305;0,000
9,315;0,000
9,325;0,000
9,335;0,000
9,345;0,000
9,355;0,000
9,365;0,000
9,375;0,000
9,385;1,000
9,395;0,000
9,405;0,000
9,415;0,000
9,425;0,000
9,435;0,000
9,445;0,000
9,455;0,000
9,465;0,000
9,475;0,000
9,485;0,000
9,495;0,000
9,505;0,000
9,515;0,000
9,525;0,000
9,535;0,000
9,545;0,000
9,555;0,000
9,565;0,000
9,575;0,000
9,585;1,000
9,595;1,000
9,605;0,000
9,615;0,000
9,625;0,000
9,635;0,000
9,645;0,000
9,655;0,000
9,665;0,000
9,675;0,000
9,685;0,000
9,695;0,000
9,705;0,000
9,715;0,000
9,725;0,000
9,735;1,000
9,745;0,000
9,755;0,000
9,765;0,000
9,775;0,000
9,785;0,000
9,795;0,000
9,805;0,000
9,815;0,000
9,825;1,000
9,835;0,000
9,845;0,000
9,855;0,000
9,865;0,000
9,875;1,000
9,885;0,000
9,895;0,000
9,905;0,000
9,915;0,000
9,925;0,000
9,935;0,000
9,945;6,000
9,955;2,000
9,965;2,000
9,975;48,000
9,985;22,000
9,995;0,000
