0,005;0,000
0,015;0,000
0,025;0,000
0,035;0,000
0,045;0,000
0,055;0,000
0,065;0,000
0,075;0,000
0,085;0,000
0,095;0,000
0,105;0,000
0,115;0,000
0,125;0,000
0,135;0,000
0,145;0,000
0,155;0,000
0,165;0,000
0,175;0,000
0,185;0,000
0,195;0,000
0,205;0,000
0,215;0,000
0,225;0,000
0,235;0,000
0,245;0,000
0,255;0,000
0,265;0,000
0,275;0,000
0,285;0,000
0,295;0,000
0,305;0,000
0,315;0,000
0,325;0,000
0,335;0,000
0,345;0,000
0,355;0,000
0,365;0,000
0,375;0,000
0,385;0,000
0,395;0,000
0,405;0,000
0,415;0,000
0,425;0,000
0,435;0,000
0,445;0,000
0,455;0,000
0,465;0,000
0,475;0,000
0,485;0,000
0,495;0,000
0,505;0,000
0,515;0,000
0,525;0,000
0,535;0,000
0,545;0,000
0,555;0,000
0,565;0,000
0,575;0,000
0,585;0,000
0,595;0,000
0,605;0,000
0,615;0,000
0,625;0,000
0,635;0,000
0,645;0,000
0,655;0,000
0,665;0,000
0,675;0,000
0,685;0,000
0,695;0,000
0,705;0,000
0,715;0,000
0,725;0,000
0,735;0,000
0,745;0,000
0,755;0,000
0,765;0,000
0,775;0,000
0,785;0,000
0,795;0,000
0,805;0,000
0,815;0,000
0,825;0,000
0,835;0,000
0,845;0,000
0,855;0,000
0,865;0,000
0,875;0,000
0,885;0,000
0,895;0,000
0,905;0,000
0,915;0,000
0,925;0,000
0,935;0,000
0,945;0,000
0,955;1,000
0,965;0,000
0,975;0,000
0,985;2,000
0,995;0,000
1,005;0,000
1,015;3,000
1,025;4,000
1,035;1,000
1,045;9,000
1,055;71,000
1,065;131,000
1,075;134,000
1,085;127,000
1,095;140,000
1,105;122,000
1,115;119,000
1,125;133,000
1,135;127,000
1,145;118,000
1,155;138,000
1,165;130,000
1,175;134,000
1,185;141,000
1,195;130,000
1,205;108,000
1,215;129,000
1,225;133,000
1,235;135,000
1,245;116,000
1,255;125,000
1,265;122,000
1,275;123,000
1,285;126,000
1,295;110,000
1,305;131,000
1,315;122,000
1,325;144,000
1,335;119,000
1,345;100,000
1,355;132,000
1,365;135,000
1,375;113,000
1,385;129,000
1,395;147,000
1,405;129,000
1,415;139,000
1,425;149,000
1,435;148,000
1,445;134,000
1,455;142,000
1,465;149,000
1,475;142,000
1,485;132,000
1,495;145,000
1,505;118,000
1,515;131,000
1,525;141,000
1,535;137,000
1,545;129,000
1,555;126,000
1,565;136,000
1,575;116,000
1,585;103,000
1,595;103,000
1,605;113,000
1,615;141,000
1,625;114,000
1,635;108,000
1,645;124,000
1,655;104,000
1,665;116,000
1,675;116,000
1,685;120,000
1,695;119,000
1,705;124,000
1,715;114,000
1,725;112,000
1,735;98,000
1,745;110,000
1,755;97,000
1,765;91,000
1,775;113,000
1,785;119,000
1,795;115,000
1,805;103,000
1,815;115,000
1,825;107,000
1,835;104,000
1,845;100,000
1,855;110,000
1,865;105,000
1,875;107,000
1,885;102,000
1,895;90,000
1,905;106,000
1,915;103,000
1,925;100,000
1,935;86,000
1,945;112,000
1,955;105,000
1,965;84,000
1,975;119,000
1,985;120,000
1,995;104,000
2,005;105,000
2,015;75,000
2,025;108,000
2,035;99,000
2,045;123,000
2,055;98,000
2,065;84,000
2,075;91,000
2,085;100,000
2,095;100,000
2,105;79,000
2,115;99,000
2,125;100,000
2,135;100,000
2,145;104,000
2,155;89,000
2,165;99,000
2,175;103,000
2,185;84,000
2,195;101,000
2,205;109,000
2,215;109,000
2,225;97,000
2,235;103,000
2,245;121,000
2,255;101,000
2,265;97,000
2,275;98,000
2,285;86,000
2,295;97,000
2,305;94,000
2,315;99,000
2,325;79,000
2,335;74,000
2,345;105,000
2,355;106,000
2,365;73,000
2,375;80,000
2,385;98,000
2,395;89,000
2,405;74,000
2,415;94,000
2,425;85,000
2,435;94,000
2,445;76,000
2,455;86,000
2,465;95,000
2,475;99,000
2,485;96,000
2,495;94,000
2,505;98,000
2,515;101,000
2,525;95,000
2,535;77,000
2,545;80,000
2,555;103,000
2,565;88,000
2,575;74,000
2,585;97,000
2,595;84,000
2,605;84,000
2,615;87,000
2,625;89,000
2,635;83,000
2,645;79,000
2,655;86,000
2,665;67,000
2,675;90,000
2,685;81,000
2,695;90,000
2,705;69,000
2,715;89,000
2,725;77,000
2,735;90,000
2,745;91,000
2,755;87,000
2,765;92,000
2,775;83,000
2,785;84,000
2,795;86,000
2,805;85,000
2,815;69,000
2,825;54,000
2,835;90,000
2,845;92,000
2,855;96,000
2,865;87,000
2,875;61,000
2,885;90,000
2,895;86,000
2,905;78,000
2,915;75,000
2,925;82,000
2,935;84,000
2,945;89,000
2,955;90,000
2,965;69,000
2,975;94,000
2,985;95,000
2,995;81,000
3,005;67,000
3,015;73,000
3,025;86,000
3,035;80,000
3,045;95,000
3,055;85,000
3,065;77,000
3,075;77,000
3,085;91,000
3,095;78,000
3,105;86,000
3,115;90,000
3,125;75,000
3,135;71,000
3,145;73,000
3,155;88,000
3,165;86,000
3,175;81,000
3,185;82,000
3,195;78,000
3,205;73,000
3,215;68,000
3,225;110,000
3,235;83,000
3,245;77,000
3,255;83,000
3,265;50,000
3,275;78,000
3,285;79,000
3,295;92,000
3,305;71,000
3,315;76,000
3,325;79,000
3,335;82,000
3,345;70,000
3,355;88,000
3,365;80,000
3,375;70,000
3,385;80,000
3,395;81,000
3,405;74,000
3,415;78,000
3,425;81,000
3,435;69,000
3,445;61,000
3,455;85,000
3,465;79,000
3,475;86,000
3,485;93,000
3,495;75,000
3,505;75,000
3,515;85,000
3,525;81,000
3,535;83,000
3,545;69,000
3,555;77,000
3,565;82,000
3,575;77,000
3,585;83,000
3,595;89,000
3,605;59,000
3,615;87,000
3,625;75,000
3,635;96,000
3,645;86,000
3,655;75,000
3,665;81,000
3,675;88,000
3,685;87,000
3,695;69,000
3,705;80,000
3,715;92,000
3,725;79,000
3,735;87,000
3,745;74,000
3,755;90,000
3,765;75,000
3,775;75,000
3,785;87,000
3,795;86,000
3,805;89,000
3,815;82,000
3,825;73,000
3,835;93,000
3,845;82,000
3,855;71,000
3,865;64,000
3,875;77,000
3,885;101,000
3,895;87,000
3,905;76,000
3,915;79,000
3,925;90,000
3,935;66,000
3,945;82,000
3,955;78,000
3,965;91,000
3,975;87,000
3,985;74,000
3,995;70,000
4,005;79,000
4,015;73,000
4,025;70,000
4,035;89,000
4,045;75,000
4,055;77,000
4,065;85,000
4,075;77,000
4,085;77,000
4,095;86,000
4,105;74,000
4,115;102,000
4,125;84,000
4,135;84,000
4,145;82,000
4,155;88,000
4,165;88,000
4,175;103,000
4,185;91,000
4,195;84,000
4,205;75,000
4,215;79,000
4,225;88,000
4,235;86,000
4,245;85,000
4,255;97,000
4,265;94,000
4,275;79,000
4,285;87,000
4,295;83,000
4,305;91,000
4,315;84,000
4,325;73,000
4,335;68,000
4,345;85,000
4,355;80,000
4,365;76,000
4,375;91,000
4,385;87,000
4,395;82,000
4,405;75,000
4,415;103,000
4,425;83,000
4,435;67,000
4,445;97,000
4,455;87,000
4,465;89,000
4,475;103,000
4,485;76,000
4,495;95,000
4,505;74,000
4,515;91,000
4,525;103,000
4,535;67,000
4,545;92,000
4,555;92,000
4,565;72,000
4,575;96,000
4,585;75,000
4,595;100,000
4,605;78,000
4,615;87,000
4,625;100,000
4,635;100,000
4,645;95,000
4,655;82,000
4,665;93,000
4,675;88,000
4,685;85,000
4,695;101,000
4,705;81,000
4,715;70,000
4,725;92,000
4,735;76,000
4,745;90,000
4,755;83,000
4,765;88,000
4,775;100,000
4,785;98,000
4,795;124,000
4,805;72,000
4,815;101,000
4,825;87,000
4,835;77,000
4,845;77,000
4,855;81,000
4,865;93,000
4,875;90,000
4,885;69,000
4,895;72,000
4,905;100,000
4,915;87,000
4,925;87,000
4,935;90,000
4,945;93,000
4,955;97,000
4,965;79,000
4,975;89,000
4,985;93,000
4,995;98,000
5,005;90,000
5,015;83,000
5,025;92,000
5,035;98,000
5,045;88,000
5,055;116,000
5,065;98,000
5,075;85,000
5,085;129,000
5,095;101,000
5,105;90,000
5,115;100,000
5,125;111,000
5,135;101,000
5,145;111,000
5,155;110,000
5,165;96,000
5,175;98,000
5,185;97,000
5,195;105,000
5,205;101,000
5,215;98,000
5,225;95,000
5,235;89,000
5,245;102,000
5,255;111,000
5,265;120,000
5,275;106,000
5,285;113,000
5,295;126,000
5,305;103,000
5,315;103,000
5,325;107,000
5,335;84,000
5,345;120,000
5,355;117,000
5,365;91,000
5,375;102,000
5,385;123,000
5,395;116,000
5,405;97,000
5,415;136,000
5,425;98,000
5,435;101,000
5,445;101,000
5,455;110,000
5,465;117,000
5,475;97,000
5,485;107,000
5,495;86,000
5,505;140,000
5,515;125,000
5,525;113,000
5,535;102,000
5,545;115,000
5,555;106,000
5,565;129,000
5,575;126,000
5,585;100,000
5,595;116,000
5,605;124,000
5,615;111,000
5,625;117,000
5,635;140,000
5,645;111,000
5,655;113,000
5,665;114,000
5,675;155,000
5,685;143,000
5,695;134,000
5,705;124,000
5,715;140,000
5,725;134,000
5,735;138,000
5,745;154,000
5,755;140,000
5,765;139,000
5,775;127,000
5,785;147,000
5,795;127,000
5,805;131,000
5,815;141,000
5,825;141,000
5,835;136,000
5,845;148,000
5,855;117,000
5,865;143,000
5,875;160,000
5,885;159,000
5,895;139,000
5,905;133,000
5,915;153,000
5,925;158,000
5,935;149,000
5,945;146,000
5,955;160,000
5,965;159,000
5,975;145,000
5,985;167,000
5,995;152,000
6,005;127,000
6,015;138,000
6,025;141,000
6,035;109,000
6,045;121,000
6,055;102,000
6,065;108,000
6,075;89,000
6,085;95,000
6,095;111,000
6,105;111,000
6,115;126,000
6,125;103,000
6,135;84,000
6,145;113,000
6,155;92,000
6,165;101,000
6,175;92,000
6,185;88,000
6,195;105,000
6,205;106,000
6,215;96,000
6,225;90,000
6,235;121,000
6,245;113,000
6,255;87,000
6,265;102,000
6,275;104,000
6,285;113,000
6,295;113,000
6,305;100,000
6,315;94,000
6,325;104,000
6,335;94,000
6,345;99,000
6,355;99,000
6,365;96,000
6,375;118,000
6,385;120,000
6,395;75,000
6,405;88,000
6,415;78,000
6,425;81,000
6,435;91,000
6,445;90,000
6,455;111,000
6,465;86,000
6,475;95,000
6,485;83,000
6,495;94,000
6,505;82,000
6,515;101,000
6,525;66,000
6,535;92,000
6,545;88,000
6,555;89,000
6,565;81,000
6,575;92,000
6,585;101,000
6,595;88,000
6,605;89,000
6,615;98,000
6,625;107,000
6,635;76,000
6,645;91,000
6,655;95,000
6,665;88,000
6,675;82,000
6,685;109,000
6,695;87,000
6,705;90,000
6,715;99,000
6,725;106,000
6,735;69,000
6,745;89,000
6,755;80,000
6,765;97,000
6,775;82,000
6,785;103,000
6,795;105,000
6,805;89,000
6,815;97,000
6,825;93,000
6,835;98,000
6,845;86,000
6,855;93,000
6,865;102,000
6,875;100,000
6,885;114,000
6,895;96,000
6,905;80,000
6,915;101,000
6,925;103,000
6,935;99,000
6,945;93,000
6,955;98,000
6,965;91,000
6,975;80,000
6,985;76,000
6,995;77,000
7,005;69,000
7,015;76,000
7,025;62,000
7,035;55,000
7,045;59,000
7,055;54,000
7,065;46,000
7,075;46,000
7,085;52,000
7,095;60,000
7,105;55,000
7,115;70,000
7,125;58,000
7,135;44,000
7,145;49,000
7,155;58,000
7,165;53,000
7,175;55,000
7,185;46,000
7,195;62,000
7,205;55,000
7,215;49,000
7,225;43,000
7,235;45,000
7,245;47,000
7,255;57,000
7,265;59,000
7,275;63,000
7,285;50,000
7,295;83,000
7,305;536,000
7,315;2039,000
7,325;2003,000
7,335;775,000
7,345;135,000
7,355;55,000
7,365;42,000
7,375;40,000
7,385;38,000
7,395;33,000
7,405;43,000
7,415;38,000
7,425;22,000
7,435;30,000
7,445;37,000
7,455;32,000
7,465;29,000
7,475;29,000
7,485;20,000
7,495;29,000
7,505;30,000
7,515;26,000
7,525;21,000
7,535;28,000
7,545;17,000
7,555;19,000
7,565;19,000
7,575;18,000
7,585;18,000
7,595;15,000
7,605;19,000
7,615;12,000
7,625;19,000
7,635;12,000
7,645;20,000
7,655;20,000
7,665;15,000
7,675;10,000
7,685;17,000
7,695;16,000
7,705;11,000
7,715;11,000
7,725;14,000
7,735;15,000
7,745;18,000
7,755;7,000
7,765;6,000
7,775;7,000
7,785;16,000
7,795;18,000
7,805;8,000
7,815;7,000
7,825;12,000
7,835;12,000
7,845;14,000
7,855;10,000
7,865;6,000
7,875;9,000
7,885;13,000
7,895;7,000
7,905;7,000
7,915;7,000
7,925;6,000
7,935;3,000
7,945;9,000
7,955;8,000
7,965;10,000
7,975;7,000
7,985;6,000
7,995;14,000
8,005;12,000
8,015;10,000
8,025;10,000
8,035;13,000
8,045;13,000
8,055;10,000
8,065;10,000
8,075;8,000
8,085;11,000
8,095;5,000
8,105;7,000
8,115;6,000
8,125;8,000
8,135;11,000
8,145;4,000
8,155;5,000
8,165;8,000
8,175;11,000
8,185;10,000
8,195;7,000
8,205;7,000
8,215;8,000
8,225;12,000
8,235;9,000
8,245;8,000
8,255;13,000
8,265;5,000
8,275;16,000
8,285;183,000
8,295;1126,000
8,305;1899,000
8,315;1083,000
8,325;281,000
8,335;40,000
8,345;8,000
8,355;9,000
8,365;6,000
8,375;5,000
8,385;5,000
8,395;2,000
8,405;5,000
8,415;4,000
8,425;8,000
8,435;7,000
8,445;2,000
8,455;7,000
8,465;0,000
8,475;4,000
8,485;5,000
8,495;6,000
8,505;2,000
8,515;3,000
8,525;0,000
8,535;1,000
8,545;1,000
8,555;3,000
8,565;1,000
8,575;5,000
8,585;3,000
8,595;2,000
8,605;1,000
8,615;2,000
8,625;3,000
8,635;1,000
8,645;3,000
8,655;3,000
8,665;4,000
8,675;3,000
8,685;3,000
8,695;2,000
8,705;2,000
8,715;5,000
8,725;3,000
8,735;3,000
8,745;3,000
8,755;4,000
8,765;4,000
8,775;4,000
8,785;3,000
8,795;0,000
8,805;3,000
8,815;1,000
8,825;1,000
8,835;4,000
8,845;3,000
8,855;2,000
8,865;1,000
8,875;1,000
8,885;1,000
8,895;2,000
8,905;5,000
8,915;2,000
8,925;2,000
8,935;0,000
8,945;1,000
8,955;2,000
8,965;0,000
8,975;1,000
8,985;4,000
8,995;1,000
9,005;4,000
9,015;1,000
9,025;3,000
9,035;2,000
9,045;2,000
9,055;3,000
9,065;1,000
9,075;2,000
9,085;10,000
9,095;14,000
9,105;11,000
9,115;2,000
9,125;3,000
9,135;3,000
9,145;2,000
9,155;2,000
9,165;1,000
9,175;2,000
9,185;1,000
9,195;3,000
9,205;4,000
9,215;0,000
9,225;2,000
9,235;3,000
9,245;4,000
9,255;1,000
9,265;1,000
9,275;2,000
9,285;1,000
9,295;3,000
9,305;2,000
9,315;1,000
9,325;1,000
9,335;2,000
9,345;0,000
9,355;2,000
9,365;1,000
9,375;2,000
9,385;2,000
9,395;1,000
9,405;0,000
9,415;2,000
9,425;0,000
9,435;2,000
9,445;5,000
9,455;1,000
9,465;1,000
9,475;3,000
9,485;1,000
9,495;5,000
9,505;0,000
9,515;4,000
9,525;3,000
9,535;4,000
9,545;2,000
9,555;2,000
9,565;1,000
9,575;3,000
9,585;2,000
9,595;2,000
9,605;3,000
9,615;1,000
9,625;1,000
9,635;2,000
9,645;2,000
9,655;2,000
9,665;1,000
9,675;0,000
9,685;1,000
9,695;1,000
9,705;1,000
9,715;3,000
9,725;0,000
9,735;3,000
9,745;2,000
9,755;1,000
9,765;1,000
9,775;3,000
9,785;1,000
9,795;2,000
9,805;0,000
9,815;2,000
9,825;2,000
9,835;2,000
9,845;1,000
9,855;0,000
9,865;0,000
9,875;1,000
9,885;0,000
9,895;4,000
9,905;1,000
9,915;5,000
9,925;5,000
9,935;2,000
9,945;1,000
9,955;3,000
9,965;0,000
9,975;11,000
9,985;24,000
9,995;9,000
