0,010;0,000
0,030;0,000
0,050;0,000
0,070;0,000
0,090;0,000
0,110;0,000
0,130;0,000
0,150;0,000
0,170;0,000
0,190;0,000
0,210;0,000
0,230;0,000
0,250;0,000
0,270;0,000
0,290;0,000
0,310;0,000
0,330;0,000
0,350;0,000
0,370;0,000
0,390;0,000
0,410;0,000
0,430;0,000
0,450;0,000
0,470;0,000
0,490;0,000
0,510;0,000
0,530;0,000
0,550;0,000
0,570;0,000
0,590;0,000
0,610;0,000
0,630;0,000
0,650;0,000
0,670;0,000
0,690;0,000
0,710;0,000
0,730;0,000
0,750;0,000
0,770;0,000
0,790;0,000
0,810;0,000
0,830;0,000
0,850;0,000
0,870;0,000
0,890;0,000
0,910;0,000
0,930;0,000
0,950;0,000
0,970;0,000
0,990;0,000
1,010;0,000
1,030;0,000
1,050;0,000
1,070;1476,000
1,090;4992,000
1,110;5128,000
1,130;5431,000
1,150;5161,000
1,170;5688,000
1,190;5786,000
1,210;5507,000
1,230;5925,000
1,250;5803,000
1,270;5963,000
1,290;5879,000
1,310;5814,000
1,330;5718,000
1,350;6004,000
1,370;5905,000
1,390;5506,000
1,410;5724,000
1,430;5863,000
1,450;5967,000
1,470;5915,000
1,490;5809,000
1,510;6026,000
1,530;5978,000
1,550;5933,000
1,570;5957,000
1,590;5841,000
1,610;5719,000
1,630;6002,000
1,650;5810,000
1,670;5648,000
1,690;5665,000
1,710;5592,000
1,730;5587,000
1,750;5416,000
1,770;5674,000
1,790;5547,000
1,810;5336,000
1,830;5511,000
1,850;5215,000
1,870;5377,000
1,890;5226,000
1,910;5273,000
1,930;5161,000
1,950;5168,000
1,970;5202,000
1,990;5017,000
2,010;5111,000
2,030;5024,000
2,050;4942,000
2,070;4927,000
2,090;5040,000
2,110;4917,000
2,130;4742,000
2,150;4620,000
2,170;4489,000
2,190;4425,000
2,210;4176,000
2,230;3977,000
2,250;3675,000
2,270;3438,000
2,290;3266,000
2,310;3122,000
2,330;2914,000
2,350;2646,000
2,370;2479,000
2,390;2409,000
2,410;2176,000
2,430;2064,000
2,450;1956,000
2,470;1982,000
2,490;1789,000
2,510;1920,000
2,530;1789,000
2,550;1768,000
2,570;1662,000
2,590;1634,000
2,610;1735,000
2,630;1639,000
2,650;1634,000
2,670;1526,000
2,690;1633,000
2,710;1570,000
2,730;1517,000
2,750;1613,000
2,770;1560,000
2,790;1592,000
2,810;1590,000
2,830;1667,000
2,850;1743,000
2,870;1785,000
2,890;1819,000
2,910;2006,000
2,930;2049,000
2,950;2222,000
2,970;2318,000
2,990;2588,000
3,010;2808,000
3,030;3222,000
3,050;3443,000
3,070;4256,000
3,090;4624,000
3,110;5622,000
3,130;6259,000
3,150;7520,000
3,170;8816,000
3,190;10173,000
3,210;11810,000
3,230;13309,000
3,250;14967,000
3,270;16884,000
3,290;18037,000
3,310;19265,000
3,330;20780,000
3,350;21364,000
3,370;21558,000
3,390;22115,000
3,410;21918,000
3,430;21279,000
3,450;19718,000
3,470;18664,000
3,490;17174,000
3,510;15142,000
3,530;13271,000
3,550;11430,000
3,570;9683,000
3,590;7955,000
3,610;6394,000
3,630;5385,000
3,650;3946,000
3,670;3443,000
3,690;2489,000
3,710;2280,000
3,730;1706,000
3,750;1503,000
3,770;1267,000
3,790;1133,000
3,810;1021,000
3,830;934,000
3,850;875,000
3,870;897,000
3,890;906,000
3,910;867,000
3,930;817,000
3,950;807,000
3,970;802,000
3,990;790,000
4,010;855,000
4,030;863,000
4,050;822,000
4,070;799,000
4,090;840,000
4,110;833,000
4,130;857,000
4,150;786,000
4,170;805,000
4,190;815,000
4,210;881,000
4,230;828,000
4,250;829,000
4,270;877,000
4,290;812,000
4,310;789,000
4,330;791,000
4,350;827,000
4,370;845,000
4,390;790,000
4,410;876,000
4,430;767,000
4,450;858,000
4,470;881,000
4,490;843,000
4,510;874,000
4,530;853,000
4,550;843,000
4,570;811,000
4,590;813,000
4,610;848,000
4,630;846,000
4,650;822,000
4,670;851,000
4,690;834,000
4,710;825,000
4,730;770,000
4,750;795,000
4,770;826,000
4,790;871,000
4,810;822,000
4,830;775,000
4,850;743,000
4,870;876,000
4,890;806,000
4,910;808,000
4,930;802,000
4,950;810,000
4,970;781,000
4,990;779,000
5,010;805,000
5,030;768,000
5,050;788,000
5,070;806,000
5,090;783,000
5,110;800,000
5,130;797,000
5,150;796,000
5,170;810,000
5,190;759,000
5,210;752,000
5,230;875,000
5,250;860,000
5,270;836,000
5,290;852,000
5,310;865,000
5,330;815,000
5,350;848,000
5,370;834,000
5,390;784,000
5,410;841,000
5,430;836,000
5,450;831,000
5,470;910,000
5,490;832,000
5,510;927,000
5,530;840,000
5,550;876,000
5,570;808,000
5,590;912,000
5,610;921,000
5,630;886,000
5,650;958,000
5,670;960,000
5,690;893,000
5,710;987,000
5,730;973,000
5,750;952,000
5,770;991,000
5,790;934,000
5,810;920,000
5,830;959,000
5,850;999,000
5,870;921,000
5,890;948,000
5,910;970,000
5,930;927,000
5,950;999,000
5,970;967,000
5,990;929,000
6,010;997,000
6,030;961,000
6,050;932,000
6,070;943,000
6,090;1058,000
6,110;1021,000
6,130;950,000
6,150;1071,000
6,170;1050,000
6,190;994,000
6,210;1054,000
6,230;997,000
6,250;991,000
6,270;993,000
6,290;965,000
6,310;1035,000
6,330;1021,000
6,350;1019,000
6,370;1052,000
6,390;1028,000
6,410;1034,000
6,430;1041,000
6,450;1015,000
6,470;961,000
6,490;1058,000
6,510;1076,000
6,530;949,000
6,550;992,000
6,570;1019,000
6,590;988,000
6,610;998,000
6,630;1022,000
6,650;993,000
6,670;945,000
6,690;867,000
6,710;901,000
6,730;886,000
6,750;919,000
6,770;884,000
6,790;791,000
6,810;793,000
6,830;748,000
6,850;752,000
6,870;692,000
6,890;700,000
6,910;672,000
6,930;655,000
6,950;616,000
6,970;598,000
6,990;593,000
7,010;517,000
7,030;490,000
7,050;489,000
7,070;477,000
7,090;464,000
7,110;409,000
7,130;420,000
7,150;348,000
7,170;384,000
7,190;362,000
7,210;376,000
7,230;350,000
7,250;304,000
7,270;306,000
7,290;317,000
7,310;317,000
7,330;303,000
7,350;315,000
7,370;335,000
7,390;272,000
7,410;320,000
7,430;296,000
7,450;308,000
7,470;311,000
7,490;297,000
7,510;327,000
7,530;314,000
7,550;336,000
7,570;358,000
7,590;383,000
7,610;374,000
7,630;387,000
7,650;436,000
7,670;403,000
7,690;480,000
7,710;512,000
7,730;551,000
7,750;579,000
7,770;600,000
7,790;629,000
7,810;748,000
7,830;721,000
7,850;785,000
7,870;834,000
7,890;899,000
7,910;974,000
7,930;1039,000
7,950;1115,000
7,970;1207,000
7,990;1210,000
8,010;1423,000
8,030;1530,000
8,050;1488,000
8,070;1615,000
8,090;1700,000
8,110;1746,000
8,130;1922,000
8,150;1921,000
8,170;1985,000
8,190;2091,000
8,210;2190,000
8,230;2199,000
8,250;2372,000
8,270;2358,000
8,290;2285,000
8,310;2267,000
8,330;2303,000
8,350;2271,000
8,370;2136,000
8,390;2087,000
8,410;2022,000
8,430;1893,000
8,450;1756,000
8,470;1694,000
8,490;1484,000
8,510;1502,000
8,530;1365,000
8,550;1202,000
8,570;1209,000
8,590;1017,000
8,610;928,000
8,630;844,000
8,650;766,000
8,670;651,000
8,690;630,000
8,710;512,000
8,730;435,000
8,750;371,000
8,770;329,000
8,790;303,000
8,810;259,000
8,830;232,000
8,850;191,000
8,870;145,000
8,890;126,000
8,910;101,000
8,930;108,000
8,950;83,000
8,970;82,000
8,990;76,000
9,010;71,000
9,030;48,000
9,050;42,000
9,070;48,000
9,090;51,000
9,110;54,000
9,130;40,000
9,150;51,000
9,170;43,000
9,190;42,000
9,210;55,000
9,230;38,000
9,250;53,000
9,270;45,000
9,290;39,000
9,310;43,000
9,330;39,000
9,350;41,000
9,370;36,000
9,390;34,000
9,410;35,000
9,430;43,000
9,450;49,000
9,470;46,000
9,490;57,000
9,510;44,000
9,530;43,000
9,550;38,000
9,570;46,000
9,590;39,000
9,610;54,000
9,630;48,000
9,650;45,000
9,670;37,000
9,690;39,000
9,710;46,000
9,730;41,000
9,750;38,000
9,770;45,000
9,790;38,000
9,810;48,000
9,830;50,000
9,850;33,000
9,870;45,000
9,890;55,000
9,910;37,000
9,930;32,000
9,950;43,000
9,970;34,000
9,990;770,000
