0,010;0,000
0,030;0,000
0,050;0,000
0,070;0,000
0,090;0,000
0,110;0,000
0,130;0,000
0,150;0,000
0,170;0,000
0,190;0,000
0,210;0,000
0,230;0,000
0,250;0,000
0,270;0,000
0,290;0,000
0,310;0,000
0,330;0,000
0,350;0,000
0,370;0,000
0,390;0,000
0,410;0,000
0,430;0,000
0,450;0,000
0,470;0,000
0,490;0,000
0,510;0,000
0,530;0,000
0,550;0,000
0,570;0,000
0,590;0,000
0,610;0,000
0,630;0,000
0,650;0,000
0,670;0,000
0,690;0,000
0,710;0,000
0,730;0,000
0,750;0,000
0,770;0,000
0,790;0,000
0,810;0,000
0,830;0,000
0,850;0,000
0,870;0,000
0,890;0,000
0,910;0,000
0,930;0,000
0,950;0,000
0,970;0,000
0,990;0,000
1,010;0,000
1,030;2,000
1,050;250,000
1,070;311,000
1,090;354,000
1,110;372,000
1,130;421,000
1,150;460,000
1,170;440,000
1,190;470,000
1,210;587,000
1,230;634,000
1,250;629,000
1,270;662,000
1,290;622,000
1,310;603,000
1,330;617,000
1,350;540,000
1,370;538,000
1,390;533,000
1,410;515,000
1,430;510,000
1,450;469,000
1,470;396,000
1,490;413,000
1,510;426,000
1,530;434,000
1,550;385,000
1,570;383,000
1,590;377,000
1,610;406,000
1,630;373,000
1,650;355,000
1,670;381,000
1,690;407,000
1,710;406,000
1,730;379,000
1,750;394,000
1,770;420,000
1,790;424,000
1,810;429,000
1,830;413,000
1,850;467,000
1,870;415,000
1,890;386,000
1,910;425,000
1,930;406,000
1,950;354,000
1,970;324,000
1,990;295,000
2,010;289,000
2,030;266,000
2,050;250,000
2,070;232,000
2,090;199,000
2,110;168,000
2,130;172,000
2,150;141,000
2,170;169,000
2,190;134,000
2,210;129,000
2,230;125,000
2,250;134,000
2,270;103,000
2,290;118,000
2,310;114,000
2,330;88,000
2,350;88,000
2,370;100,000
2,390;92,000
2,410;88,000
2,430;85,000
2,450;100,000
2,470;74,000
2,490;101,000
2,510;96,000
2,530;87,000
2,550;81,000
2,570;89,000
2,590;101,000
2,610;92,000
2,630;85,000
2,650;106,000
2,670;78,000
2,690;92,000
2,710;95,000
2,730;126,000
2,750;110,000
2,770;102,000
2,790;132,000
2,810;148,000
2,830;179,000
2,850;174,000
2,870;195,000
2,890;236,000
2,910;244,000
2,930;249,000
2,950;375,000
2,970;373,000
2,990;416,000
3,010;478,000
3,030;550,000
3,050;575,000
3,070;594,000
3,090;622,000
3,110;713,000
3,130;684,000
3,150;699,000
3,170;661,000
3,190;690,000
3,210;600,000
3,230;596,000
3,250;532,000
3,270;439,000
3,290;400,000
3,310;367,000
3,330;286,000
3,350;238,000
3,370;203,000
3,390;154,000
3,410;130,000
3,430;102,000
3,450;92,000
3,470;72,000
3,490;79,000
3,510;64,000
3,530;67,000
3,550;63,000
3,570;45,000
3,590;56,000
3,610;69,000
3,630;57,000
3,650;55,000
3,670;47,000
3,690;63,000
3,710;46,000
3,730;43,000
3,750;65,000
3,770;49,000
3,790;62,000
3,810;47,000
3,830;53,000
3,850;61,000
3,870;58,000
3,890;57,000
3,910;45,000
3,930;48,000
3,950;50,000
3,970;43,000
3,990;57,000
4,010;59,000
4,030;55,000
4,050;65,000
4,070;61,000
4,090;53,000
4,110;57,000
4,130;51,000
4,150;49,000
4,170;58,000
4,190;48,000
4,210;63,000
4,230;66,000
4,250;48,000
4,270;46,000
4,290;54,000
4,310;45,000
4,330;40,000
4,350;49,000
4,370;46,000
4,390;55,000
4,410;43,000
4,430;56,000
4,450;52,000
4,470;47,000
4,490;39,000
4,510;46,000
4,530;51,000
4,550;52,000
4,570;61,000
4,590;57,000
4,610;58,000
4,630;59,000
4,650;51,000
4,670;44,000
4,690;60,000
4,710;50,000
4,730;57,000
4,750;36,000
4,770;51,000
4,790;62,000
4,810;55,000
4,830;64,000
4,850;57,000
4,870;55,000
4,890;54,000
4,910;47,000
4,930;60,000
4,950;46,000
4,970;48,000
4,990;53,000
5,010;57,000
5,030;57,000
5,050;52,000
5,070;53,000
5,090;52,000
5,110;51,000
5,130;60,000
5,150;54,000
5,170;46,000
5,190;56,000
5,210;58,000
5,230;50,000
5,250;58,000
5,270;68,000
5,290;60,000
5,310;62,000
5,330;45,000
5,350;57,000
5,370;52,000
5,390;66,000
5,410;54,000
5,430;67,000
5,450;55,000
5,470;50,000
5,490;66,000
5,510;66,000
5,530;53,000
5,550;63,000
5,570;59,000
5,590;85,000
5,610;76,000
5,630;75,000
5,650;56,000
5,670;76,000
5,690;76,000
5,710;69,000
5,730;78,000
5,750;79,000
5,770;51,000
5,790;82,000
5,810;64,000
5,830;85,000
5,850;78,000
5,870;91,000
5,890;86,000
5,910;77,000
5,930;83,000
5,950;97,000
5,970;79,000
5,990;100,000
6,010;97,000
6,030;95,000
6,050;80,000
6,070;100,000
6,090;101,000
6,110;92,000
6,130;108,000
6,150;107,000
6,170;92,000
6,190;103,000
6,210;95,000
6,230;82,000
6,250;96,000
6,270;87,000
6,290;91,000
6,310;91,000
6,330;49,000
6,350;85,000
6,370;91,000
6,390;69,000
6,410;63,000
6,430;59,000
6,450;57,000
6,470;65,000
6,490;55,000
6,510;46,000
6,530;53,000
6,550;40,000
6,570;40,000
6,590;36,000
6,610;30,000
6,630;31,000
6,650;33,000
6,670;34,000
6,690;35,000
6,710;27,000
6,730;30,000
6,750;24,000
6,770;24,000
6,790;27,000
6,810;9,000
6,830;17,000
6,850;26,000
6,870;30,000
6,890;24,000
6,910;26,000
6,930;18,000
6,950;19,000
6,970;22,000
6,990;16,000
7,010;13,000
7,030;23,000
7,050;16,000
7,070;16,000
7,090;21,000
7,110;20,000
7,130;17,000
7,150;22,000
7,170;15,000
7,190;24,000
7,210;25,000
7,230;28,000
7,250;24,000
7,270;29,000
7,290;35,000
7,310;33,000
7,330;28,000
7,350;40,000
7,370;43,000
7,390;58,000
7,410;47,000
7,430;47,000
7,450;52,000
7,470;58,000
7,490;78,000
7,510;69,000
7,530;71,000
7,550;61,000
7,570;74,000
7,590;90,000
7,610;89,000
7,630;85,000
7,650;86,000
7,670;102,000
7,690;101,000
7,710;114,000
7,730;126,000
7,750;113,000
7,770;119,000
7,790;123,000
7,810;127,000
7,830;134,000
7,850;127,000
7,870;107,000
7,890;118,000
7,910;137,000
7,930;102,000
7,950;120,000
7,970;98,000
7,990;114,000
8,010;81,000
8,030;77,000
8,050;87,000
8,070;65,000
8,090;50,000
8,110;65,000
8,130;40,000
8,150;35,000
8,170;35,000
8,190;34,000
8,210;31,000
8,230;26,000
8,250;20,000
8,270;18,000
8,290;12,000
8,310;12,000
8,330;11,000
8,350;14,000
8,370;6,000
8,390;3,000
8,410;6,000
8,430;4,000
8,450;5,000
8,470;4,000
8,490;1,000
8,510;4,000
8,530;2,000
8,550;4,000
8,570;0,000
8,590;0,000
8,610;0,000
8,630;1,000
8,650;0,000
8,670;0,000
8,690;0,000
8,710;1,000
8,730;1,000
8,750;2,000
8,770;0,000
8,790;4,000
8,810;1,000
8,830;0,000
8,850;3,000
8,870;1,000
8,890;1,000
8,910;1,000
8,930;0,000
8,950;3,000
8,970;1,000
8,990;2,000
9,010;2,000
9,030;4,000
9,050;1,000
9,070;3,000
9,090;1,000
9,110;1,000
9,130;4,000
9,150;3,000
9,170;2,000
9,190;1,000
9,210;3,000
9,230;2,000
9,250;1,000
9,270;1,000
9,290;2,000
9,310;0,000
9,330;1,000
9,350;1,000
9,370;3,000
9,390;1,000
9,410;2,000
9,430;1,000
9,450;2,000
9,470;0,000
9,490;1,000
9,510;1,000
9,530;2,000
9,550;2,000
9,570;0,000
9,590;3,000
9,610;0,000
9,630;1,000
9,650;1,000
9,670;0,000
9,690;0,000
9,710;0,000
9,730;0,000
9,750;0,000
9,770;0,000
9,790;1,000
9,810;0,000
9,830;0,000
9,850;1,000
9,870;0,000
9,890;1,000
9,910;0,000
9,930;0,000
9,950;0,000
9,970;0,000
9,990;0,000
