0,010;0,000
0,030;0,000
0,050;0,000
0,070;0,000
0,090;0,000
0,110;0,000
0,130;0,000
0,150;0,000
0,170;0,000
0,190;0,000
0,210;0,000
0,230;0,000
0,250;0,000
0,270;0,000
0,290;0,000
0,310;0,000
0,330;0,000
0,350;0,000
0,370;0,000
0,390;0,000
0,410;0,000
0,430;0,000
0,450;0,000
0,470;0,000
0,490;0,000
0,510;0,000
0,530;0,000
0,550;0,000
0,570;0,000
0,590;0,000
0,610;0,000
0,630;0,000
0,650;0,000
0,670;0,000
0,690;0,000
0,710;0,000
0,730;0,000
0,750;0,000
0,770;0,000
0,790;0,000
0,810;0,000
0,830;0,000
0,850;0,000
0,870;0,000
0,890;0,000
0,910;0,000
0,930;0,000
0,950;0,000
0,970;0,000
0,990;0,000
1,010;0,000
1,030;0,000
1,050;0,000
1,070;1505,000
1,090;5556,000
1,110;5684,000
1,130;5975,000
1,150;6115,000
1,170;6320,000
1,190;6244,000
1,210;6084,000
1,230;6297,000
1,250;6284,000
1,270;6556,000
1,290;6464,000
1,310;6290,000
1,330;6413,000
1,350;6787,000
1,370;6641,000
1,390;5981,000
1,410;6668,000
1,430;6495,000
1,450;6428,000
1,470;6445,000
1,490;6399,000
1,510;6286,000
1,530;6390,000
1,550;6251,000
1,570;6321,000
1,590;5975,000
1,610;6090,000
1,630;5954,000
1,650;5903,000
1,670;5763,000
1,690;6164,000
1,710;5896,000
1,730;5836,000
1,750;5799,000
1,770;5947,000
1,790;5826,000
1,810;5602,000
1,830;5732,000
1,850;5634,000
1,870;5416,000
1,890;5401,000
1,910;5552,000
1,930;5404,000
1,950;5521,000
1,970;5353,000
1,990;5070,000
2,010;4985,000
2,030;4851,000
2,050;4733,000
2,070;4620,000
2,090;4429,000
2,110;3907,000
2,130;3927,000
2,150;3376,000
2,170;3338,000
2,190;2978,000
2,210;2836,000
2,230;2725,000
2,250;2565,000
2,270;2358,000
2,290;2233,000
2,310;2161,000
2,330;2090,000
2,350;1943,000
2,370;1958,000
2,390;1868,000
2,410;1797,000
2,430;1812,000
2,450;1784,000
2,470;1806,000
2,490;1669,000
2,510;1693,000
2,530;1657,000
2,550;1712,000
2,570;1659,000
2,590;1632,000
2,610;1628,000
2,630;1720,000
2,650;1774,000
2,670;1704,000
2,690;1921,000
2,710;1843,000
2,730;2086,000
2,750;2062,000
2,770;2312,000
2,790;2447,000
2,810;2610,000
2,830;3092,000
2,850;3315,000
2,870;3832,000
2,890;4377,000
2,910;5038,000
2,930;5969,000
2,950;6993,000
2,970;8055,000
2,990;9741,000
3,010;11122,000
3,030;13004,000
3,050;14721,000
3,070;17048,000
3,090;18502,000
3,110;20481,000
3,130;21348,000
3,150;23058,000
3,170;22404,000
3,190;24341,000
3,210;22884,000
3,230;23022,000
3,250;21612,000
3,270;18910,000
3,290;17795,000
3,310;15213,000
3,330;13635,000
3,350;11500,000
3,370;9544,000
3,390;7924,000
3,410;6306,000
3,430;5097,000
3,450;3926,000
3,470;3158,000
3,490;2496,000
3,510;2006,000
3,530;1618,000
3,550;1422,000
3,570;1246,000
3,590;1066,000
3,610;1030,000
3,630;937,000
3,650;937,000
3,670;909,000
3,690;824,000
3,710;930,000
3,730;858,000
3,750;951,000
3,770;893,000
3,790;897,000
3,810;932,000
3,830;882,000
3,850;900,000
3,870;898,000
3,890;880,000
3,910;900,000
3,930;864,000
3,950;833,000
3,970;854,000
3,990;886,000
4,010;926,000
4,030;871,000
4,050;855,000
4,070;885,000
4,090;884,000
4,110;917,000
4,130;879,000
4,150;926,000
4,170;902,000
4,190;912,000
4,210;871,000
4,230;876,000
4,250;804,000
4,270;908,000
4,290;876,000
4,310;817,000
4,330;875,000
4,350;879,000
4,370;881,000
4,390;908,000
4,410;848,000
4,430;952,000
4,450;864,000
4,470;940,000
4,490;894,000
4,510;876,000
4,530;892,000
4,550;915,000
4,570;904,000
4,590;853,000
4,610;924,000
4,630;922,000
4,650;924,000
4,670;858,000
4,690;928,000
4,710;879,000
4,730;911,000
4,750;920,000
4,770;891,000
4,790;928,000
4,810;909,000
4,830;902,000
4,850;819,000
4,870;886,000
4,890;878,000
4,910;930,000
4,930;882,000
4,950;936,000
4,970;895,000
4,990;868,000
5,010;880,000
5,030;891,000
5,050;869,000
5,070;852,000
5,090;882,000
5,110;845,000
5,130;948,000
5,150;844,000
5,170;861,000
5,190;928,000
5,210;915,000
5,230;887,000
5,250;890,000
5,270;920,000
5,290;904,000
5,310;939,000
5,330;933,000
5,350;982,000
5,370;861,000
5,390;954,000
5,410;953,000
5,430;974,000
5,450;991,000
5,470;993,000
5,490;974,000
5,510;1011,000
5,530;988,000
5,550;1020,000
5,570;996,000
5,590;965,000
5,610;1026,000
5,630;1019,000
5,650;1102,000
5,670;1041,000
5,690;1056,000
5,710;1042,000
5,730;1081,000
5,750;1114,000
5,770;1056,000
5,790;1120,000
5,810;1094,000
5,830;1021,000
5,850;1071,000
5,870;1024,000
5,890;1111,000
5,910;1086,000
5,930;998,000
5,950;1051,000
5,970;1073,000
5,990;1134,000
6,010;1090,000
6,030;1004,000
6,050;1094,000
6,070;1054,000
6,090;1080,000
6,110;1155,000
6,130;1094,000
6,150;1094,000
6,170;1090,000
6,190;1054,000
6,210;1038,000
6,230;1061,000
6,250;1064,000
6,270;1019,000
6,290;999,000
6,310;939,000
6,330;991,000
6,350;898,000
6,370;890,000
6,390;813,000
6,410;894,000
6,430;837,000
6,450;807,000
6,470;784,000
6,490;726,000
6,510;751,000
6,530;629,000
6,550;646,000
6,570;598,000
6,590;605,000
6,610;608,000
6,630;569,000
6,650;511,000
6,670;477,000
6,690;425,000
6,710;430,000
6,730;422,000
6,750;394,000
6,770;368,000
6,790;355,000
6,810;386,000
6,830;332,000
6,850;380,000
6,870;336,000
6,890;321,000
6,910;336,000
6,930;324,000
6,950;305,000
6,970;335,000
6,990;328,000
7,010;331,000
7,030;349,000
7,050;359,000
7,070;321,000
7,090;352,000
7,110;363,000
7,130;418,000
7,150;381,000
7,170;384,000
7,190;406,000
7,210;449,000
7,230;489,000
7,250;534,000
7,270;548,000
7,290;580,000
7,310;593,000
7,330;648,000
7,350;669,000
7,370;761,000
7,390;790,000
7,410;842,000
7,430;895,000
7,450;1015,000
7,470;1045,000
7,490;1186,000
7,510;1184,000
7,530;1335,000
7,550;1440,000
7,570;1552,000
7,590;1659,000
7,610;1747,000
7,630;1804,000
7,650;1929,000
7,670;2055,000
7,690;2142,000
7,710;2222,000
7,730;2296,000
7,750;2333,000
7,770;2335,000
7,790;2443,000
7,810;2411,000
7,830;2365,000
7,850;2349,000
7,870;2340,000
7,890;2259,000
7,910;2221,000
7,930;2098,000
7,950;2120,000
7,970;1920,000
7,990;1730,000
8,010;1722,000
8,030;1514,000
8,050;1362,000
8,070;1319,000
8,090;1130,000
8,110;1044,000
8,130;887,000
8,150;772,000
8,170;709,000
8,190;640,000
8,210;547,000
8,230;501,000
8,250;419,000
8,270;337,000
8,290;295,000
8,310;259,000
8,330;211,000
8,350;173,000
8,370;152,000
8,390;132,000
8,410;115,000
8,430;86,000
8,450;84,000
8,470;67,000
8,490;68,000
8,510;62,000
8,530;51,000
8,550;57,000
8,570;48,000
8,590;49,000
8,610;49,000
8,630;40,000
8,650;38,000
8,670;48,000
8,690;54,000
8,710;52,000
8,730;44,000
8,750;52,000
8,770;57,000
8,790;43,000
8,810;37,000
8,830;53,000
8,850;43,000
8,870;50,000
8,890;50,000
8,910;47,000
8,930;61,000
8,950;40,000
8,970;47,000
8,990;40,000
9,010;61,000
9,030;46,000
9,050;47,000
9,070;40,000
9,090;43,000
9,110;54,000
9,130;42,000
9,150;43,000
9,170;42,000
9,190;45,000
9,210;48,000
9,230;32,000
9,250;46,000
9,270;44,000
9,290;49,000
9,310;38,000
9,330;34,000
9,350;31,000
9,370;29,000
9,390;40,000
9,410;40,000
9,430;31,000
9,450;34,000
9,470;39,000
9,490;44,000
9,510;40,000
9,530;35,000
9,550;30,000
9,570;31,000
9,590;38,000
9,610;36,000
9,630;18,000
9,650;26,000
9,670;28,000
9,690;36,000
9,710;32,000
9,730;19,000
9,750;26,000
9,770;30,000
9,790;13,000
9,810;34,000
9,830;25,000
9,850;16,000
9,870;18,000
9,890;17,000
9,910;29,000
9,930;19,000
9,950;23,000
9,970;17,000
9,990;429,000
