0,010;0,000
0,030;0,000
0,050;0,000
0,070;0,000
0,090;0,000
0,110;0,000
0,130;0,000
0,150;0,000
0,170;0,000
0,190;0,000
0,210;0,000
0,230;0,000
0,250;0,000
0,270;0,000
0,290;0,000
0,310;0,000
0,330;0,000
0,350;0,000
0,370;0,000
0,390;0,000
0,410;0,000
0,430;0,000
0,450;0,000
0,470;0,000
0,490;0,000
0,510;0,000
0,530;0,000
0,550;0,000
0,570;0,000
0,590;0,000
0,610;0,000
0,630;0,000
0,650;0,000
0,670;0,000
0,690;0,000
0,710;0,000
0,730;0,000
0,750;0,000
0,770;0,000
0,790;0,000
0,810;0,000
0,830;0,000
0,850;0,000
0,870;0,000
0,890;0,000
0,910;0,000
0,930;0,000
0,950;0,000
0,970;0,000
0,990;0,000
1,010;0,000
1,030;10,000
1,050;1787,000
1,070;2233,000
1,090;2508,000
1,110;2467,000
1,130;2499,000
1,150;2541,000
1,170;2603,000
1,190;2586,000
1,210;2627,000
1,230;2575,000
1,250;2557,000
1,270;2553,000
1,290;2564,000
1,310;2531,000
1,330;2603,000
1,350;2496,000
1,370;2425,000
1,390;2548,000
1,410;2581,000
1,430;2499,000
1,450;2608,000
1,470;2449,000
1,490;2545,000
1,510;2408,000
1,530;2447,000
1,550;2470,000
1,570;2490,000
1,590;2470,000
1,610;2547,000
1,630;2436,000
1,650;2461,000
1,670;2496,000
1,690;2483,000
1,710;2435,000
1,730;2625,000
1,750;2490,000
1,770;2567,000
1,790;2476,000
1,810;2542,000
1,830;2596,000
1,850;2519,000
1,870;2623,000
1,890;2549,000
1,910;2560,000
1,930;2538,000
1,950;2620,000
1,970;2537,000
1,990;2511,000
2,010;2502,000
2,030;2543,000
2,050;2437,000
2,070;2511,000
2,090;2396,000
2,110;2276,000
2,130;2170,000
2,150;1929,000
2,170;1878,000
2,190;1710,000
2,210;1537,000
2,230;1408,000
2,250;1330,000
2,270;1189,000
2,290;1052,000
2,310;999,000
2,330;898,000
2,350;770,000
2,370;659,000
2,390;688,000
2,410;614,000
2,430;582,000
2,450;575,000
2,470;506,000
2,490;516,000
2,510;469,000
2,530;470,000
2,550;481,000
2,570;457,000
2,590;482,000
2,610;450,000
2,630;471,000
2,650;490,000
2,670;442,000
2,690;487,000
2,710;503,000
2,730;563,000
2,750;613,000
2,770;620,000
2,790;662,000
2,810;696,000
2,830;776,000
2,850;814,000
2,870;964,000
2,890;1063,000
2,910;1229,000
2,930;1415,000
2,950;1571,000
2,970;1833,000
2,990;2252,000
3,010;2444,000
3,030;3083,000
3,050;3588,000
3,070;4301,000
3,090;5072,000
3,110;6063,000
3,130;6935,000
3,150;8447,000
3,170;9166,000
3,190;10824,000
3,210;11547,000
3,230;13115,000
3,250;14247,000
3,270;14471,000
3,290;15345,000
3,310;15552,000
3,330;15770,000
3,350;15887,000
3,370;15446,000
3,390;14929,000
3,410;13662,000
3,430;12479,000
3,450;11115,000
3,470;9841,000
3,490;8386,000
3,510;6906,000
3,530;5715,000
3,550;4629,000
3,570;3553,000
3,590;2760,000
3,610;2132,000
3,630;1567,000
3,650;1084,000
3,670;800,000
3,690;594,000
3,710;439,000
3,730;312,000
3,750;231,000
3,770;172,000
3,790;140,000
3,810;103,000
3,830;112,000
3,850;76,000
3,870;85,000
3,890;78,000
3,910;77,000
3,930;76,000
3,950;76,000
3,970;82,000
3,990;90,000
4,010;91,000
4,030;63,000
4,050;60,000
4,070;65,000
4,090;53,000
4,110;88,000
4,130;78,000
4,150;64,000
4,170;71,000
4,190;75,000
4,210;62,000
4,230;82,000
4,250;64,000
4,270;74,000
4,290;82,000
4,310;87,000
4,330;71,000
4,350;63,000
4,370;87,000
4,390;78,000
4,410;77,000
4,430;92,000
4,450;78,000
4,470;71,000
4,490;73,000
4,510;81,000
4,530;78,000
4,550;69,000
4,570;69,000
4,590;77,000
4,610;81,000
4,630;91,000
4,650;56,000
4,670;66,000
4,690;81,000
4,710;58,000
4,730;59,000
4,750;53,000
4,770;66,000
4,790;55,000
4,810;56,000
4,830;49,000
4,850;57,000
4,870;51,000
4,890;56,000
4,910;50,000
4,930;49,000
4,950;44,000
4,970;48,000
4,990;44,000
5,010;51,000
5,030;48,000
5,050;41,000
5,070;66,000
5,090;62,000
5,110;47,000
5,130;39,000
5,150;47,000
5,170;51,000
5,190;48,000
5,210;52,000
5,230;50,000
5,250;56,000
5,270;45,000
5,290;56,000
5,310;51,000
5,330;55,000
5,350;50,000
5,370;43,000
5,390;41,000
5,410;43,000
5,430;49,000
5,450;52,000
5,470;46,000
5,490;59,000
5,510;50,000
5,530;51,000
5,550;43,000
5,570;46,000
5,590;46,000
5,610;56,000
5,630;46,000
5,650;38,000
5,670;33,000
5,690;40,000
5,710;49,000
5,730;43,000
5,750;35,000
5,770;42,000
5,790;40,000
5,810;52,000
5,830;44,000
5,850;49,000
5,870;38,000
5,890;47,000
5,910;46,000
5,930;37,000
5,950;51,000
5,970;38,000
5,990;38,000
6,010;54,000
6,030;40,000
6,050;63,000
6,070;46,000
6,090;59,000
6,110;37,000
6,130;50,000
6,150;42,000
6,170;55,000
6,190;35,000
6,210;65,000
6,230;35,000
6,250;51,000
6,270;43,000
6,290;43,000
6,310;40,000
6,330;42,000
6,350;41,000
6,370;49,000
6,390;41,000
6,410;54,000
6,430;48,000
6,450;55,000
6,470;54,000
6,490;52,000
6,510;43,000
6,530;36,000
6,550;57,000
6,570;56,000
6,590;45,000
6,610;48,000
6,630;55,000
6,650;54,000
6,670;51,000
6,690;63,000
6,710;55,000
6,730;47,000
6,750;54,000
6,770;50,000
6,790;53,000
6,810;49,000
6,830;54,000
6,850;54,000
6,870;46,000
6,890;45,000
6,910;43,000
6,930;49,000
6,950;45,000
6,970;43,000
6,990;37,000
7,010;38,000
7,030;29,000
7,050;25,000
7,070;39,000
7,090;42,000
7,110;29,000
7,130;46,000
7,150;32,000
7,170;22,000
7,190;31,000
7,210;27,000
7,230;24,000
7,250;21,000
7,270;29,000
7,290;23,000
7,310;21,000
7,330;26,000
7,350;27,000
7,370;29,000
7,390;25,000
7,410;31,000
7,430;15,000
7,450;22,000
7,470;21,000
7,490;27,000
7,510;17,000
7,530;24,000
7,550;16,000
7,570;26,000
7,590;24,000
7,610;22,000
7,630;19,000
7,650;26,000
7,670;15,000
7,690;16,000
7,710;22,000
7,730;20,000
7,750;29,000
7,770;26,000
7,790;42,000
7,810;31,000
7,830;32,000
7,850;21,000
7,870;30,000
7,890;42,000
7,910;29,000
7,930;41,000
7,950;33,000
7,970;41,000
7,990;44,000
8,010;46,000
8,030;35,000
8,050;50,000
8,070;47,000
8,090;41,000
8,110;64,000
8,130;48,000
8,150;57,000
8,170;55,000
8,190;56,000
8,210;71,000
8,230;66,000
8,250;61,000
8,270;69,000
8,290;69,000
8,310;73,000
8,330;66,000
8,350;50,000
8,370;53,000
8,390;63,000
8,410;59,000
8,430;53,000
8,450;66,000
8,470;52,000
8,490;48,000
8,510;37,000
8,530;50,000
8,550;44,000
8,570;43,000
8,590;45,000
8,610;43,000
8,630;31,000
8,650;37,000
8,670;30,000
8,690;24,000
8,710;36,000
8,730;25,000
8,750;23,000
8,770;18,000
8,790;25,000
8,810;30,000
8,830;22,000
8,850;28,000
8,870;20,000
8,890;21,000
8,910;21,000
8,930;21,000
8,950;14,000
8,970;12,000
8,990;15,000
9,010;24,000
9,030;20,000
9,050;17,000
9,070;16,000
9,090;18,000
9,110;16,000
9,130;22,000
9,150;10,000
9,170;26,000
9,190;18,000
9,210;13,000
9,230;24,000
9,250;25,000
9,270;15,000
9,290;14,000
9,310;15,000
9,330;22,000
9,350;18,000
9,370;21,000
9,390;16,000
9,410;14,000
9,430;18,000
9,450;23,000
9,470;26,000
9,490;16,000
9,510;15,000
9,530;26,000
9,550;20,000
9,570;16,000
9,590;17,000
9,610;13,000
9,630;17,000
9,650;17,000
9,670;12,000
9,690;21,000
9,710;23,000
9,730;17,000
9,750;17,000
9,770;19,000
9,790;15,000
9,810;12,000
9,830;16,000
9,850;19,000
9,870;14,000
9,890;15,000
9,910;23,000
9,930;15,000
9,950;14,000
9,970;19,000
9,990;15,000
